5.500000000000000000e+01 -3.000000000000000000e+00 3.280000000000000000e+02 7.570000000000000000e+02 6.760000000000000000e+02 1.000000000000000000e+02 8.850000000000000000e+02 5.840000000000000000e+02 4.480000000000000000e+02 4.480000000000000000e+02 5.840000000000000000e+02 8.850000000000000000e+02 1.000000000000000000e+02 6.760000000000000000e+02 7.570000000000000000e+02 3.280000000000000000e+02 -3.000000000000000000e+00 5.500000000000000000e+01 0.000000000000000000e+00 0.000000000000000000e+00 0.000000000000000000e+00 1.000000000000000000e+00
-1.400000000000000000e+01 9.000000000000000000e+00 1.320000000000000000e+02 4.140000000000000000e+02 3.740000000000000000e+02 3.000000000000000000e+00 6.060000000000000000e+02 3.720000000000000000e+02 2.560000000000000000e+02 2.560000000000000000e+02 3.720000000000000000e+02 6.060000000000000000e+02 3.000000000000000000e+00 3.740000000000000000e+02 4.140000000000000000e+02 1.320000000000000000e+02 9.000000000000000000e+00 -1.400000000000000000e+01 0.000000000000000000e+00 0.000000000000000000e+00 0.000000000000000000e+00 1.000000000000000000e+00
-1.100000000000000000e+01 1.500000000000000000e+01 2.000000000000000000e+00 1.790000000000000000e+02 1.580000000000000000e+02 4.000000000000000000e+00 3.970000000000000000e+02 2.070000000000000000e+02 1.220000000000000000e+02 1.220000000000000000e+02 2.070000000000000000e+02 3.970000000000000000e+02 4.000000000000000000e+00 1.580000000000000000e+02 1.790000000000000000e+02 2.000000000000000000e+00 1.500000000000000000e+01 -1.100000000000000000e+01 0.000000000000000000e+00 0.000000000000000000e+00 0.000000000000000000e+00 1.000000000000000000e+00
-9.000000000000000000e+00 0.000000000000000000e+00 -7.000000000000000000e+00 1.000000000000000000e+01 3.300000000000000000e+01 7.000000000000000000e+00 2.570000000000000000e+02 5.700000000000000000e+01 4.500000000000000000e+01 4.500000000000000000e+01 5.700000000000000000e+01 2.570000000000000000e+02 7.000000000000000000e+00 3.300000000000000000e+01 1.000000000000000000e+01 -7.000000000000000000e+00 0.000000000000000000e+00 -9.000000000000000000e+00 0.000000000000000000e+00 0.000000000000000000e+00 0.000000000000000000e+00 1.000000000000000000e+00
-1.500000000000000000e+01 -1.000000000000000000e+00 -5.000000000000000000e+00 7.000000000000000000e+00 -1.100000000000000000e+01 2.000000000000000000e+00 1.370000000000000000e+02 1.000000000000000000e+00 1.300000000000000000e+01 1.300000000000000000e+01 1.000000000000000000e+00 1.370000000000000000e+02 2.000000000000000000e+00 -1.100000000000000000e+01 7.000000000000000000e+00 -5.000000000000000000e+00 -1.000000000000000000e+00 -1.500000000000000000e+01 0.000000000000000000e+00 0.000000000000000000e+00 0.000000000000000000e+00 1.000000000000000000e+00
3.000000000000000000e+00 -3.000000000000000000e+00 1.000000000000000000e+00 -1.300000000000000000e+01 7.000000000000000000e+00 -6.000000000000000000e+00 4.000000000000000000e+00 1.900000000000000000e+01 0.000000000000000000e+00 0.000000000000000000e+00 1.900000000000000000e+01 4.000000000000000000e+00 -6.000000000000000000e+00 7.000000000000000000e+00 -1.300000000000000000e+01 1.000000000000000000e+00 -3.000000000000000000e+00 3.000000000000000000e+00 0.000000000000000000e+00 0.000000000000000000e+00 0.000000000000000000e+00 1.000000000000000000e+00
0.000000000000000000e+00 -1.900000000000000000e+01 2.800000000000000000e+01 -1.000000000000000000e+01 1.000000000000000000e+01 -1.000000000000000000e+01 -4.000000000000000000e+00 1.600000000000000000e+01 -7.000000000000000000e+00 -7.000000000000000000e+00 1.600000000000000000e+01 -4.000000000000000000e+00 -1.000000000000000000e+01 1.000000000000000000e+01 -1.000000000000000000e+01 2.800000000000000000e+01 -1.900000000000000000e+01 0.000000000000000000e+00 0.000000000000000000e+00 0.000000000000000000e+00 0.000000000000000000e+00 1.000000000000000000e+00
5.000000000000000000e+00 -6.000000000000000000e+00 1.000000000000000000e+00 -3.000000000000000000e+00 6.000000000000000000e+00 -5.000000000000000000e+00 1.000000000000000000e+00 1.400000000000000000e+01 -5.000000000000000000e+00 -5.000000000000000000e+00 1.400000000000000000e+01 1.000000000000000000e+00 -5.000000000000000000e+00 6.000000000000000000e+00 -3.000000000000000000e+00 1.000000000000000000e+00 -6.000000000000000000e+00 5.000000000000000000e+00 0.000000000000000000e+00 0.000000000000000000e+00 0.000000000000000000e+00 1.000000000000000000e+00
-6.000000000000000000e+00 -8.000000000000000000e+00 -1.400000000000000000e+01 -4.000000000000000000e+00 0.000000000000000000e+00 1.000000000000000000e+00 1.110000000000000000e+02 3.600000000000000000e+01 4.000000000000000000e+00 4.000000000000000000e+00 3.600000000000000000e+01 1.110000000000000000e+02 1.000000000000000000e+00 0.000000000000000000e+00 -4.000000000000000000e+00 -1.400000000000000000e+01 -8.000000000000000000e+00 -6.000000000000000000e+00 0.000000000000000000e+00 0.000000000000000000e+00 0.000000000000000000e+00 1.000000000000000000e+00
-1.100000000000000000e+01 1.000000000000000000e+00 -1.100000000000000000e+01 2.600000000000000000e+01 -6.000000000000000000e+00 7.000000000000000000e+00 2.240000000000000000e+02 1.260000000000000000e+02 2.300000000000000000e+01 2.300000000000000000e+01 1.260000000000000000e+02 2.240000000000000000e+02 7.000000000000000000e+00 -6.000000000000000000e+00 2.600000000000000000e+01 -1.100000000000000000e+01 1.000000000000000000e+00 -1.100000000000000000e+01 0.000000000000000000e+00 0.000000000000000000e+00 0.000000000000000000e+00 1.000000000000000000e+00
-1.400000000000000000e+01 0.000000000000000000e+00 3.800000000000000000e+01 1.570000000000000000e+02 1.300000000000000000e+01 1.300000000000000000e+01 2.990000000000000000e+02 2.690000000000000000e+02 9.300000000000000000e+01 9.300000000000000000e+01 2.690000000000000000e+02 2.990000000000000000e+02 1.300000000000000000e+01 1.300000000000000000e+01 1.570000000000000000e+02 3.800000000000000000e+01 0.000000000000000000e+00 -1.400000000000000000e+01 0.000000000000000000e+00 0.000000000000000000e+00 0.000000000000000000e+00 1.000000000000000000e+00
-1.600000000000000000e+01 6.000000000000000000e+00 1.460000000000000000e+02 3.200000000000000000e+02 8.300000000000000000e+01 1.400000000000000000e+01 3.700000000000000000e+02 4.420000000000000000e+02 2.150000000000000000e+02 2.150000000000000000e+02 4.420000000000000000e+02 3.700000000000000000e+02 1.400000000000000000e+01 8.300000000000000000e+01 3.200000000000000000e+02 1.460000000000000000e+02 6.000000000000000000e+00 -1.600000000000000000e+01 0.000000000000000000e+00 0.000000000000000000e+00 0.000000000000000000e+00 1.000000000000000000e+00
-2.000000000000000000e+01 -7.000000000000000000e+00 2.800000000000000000e+02 5.380000000000000000e+02 1.940000000000000000e+02 1.000000000000000000e+01 4.810000000000000000e+02 6.430000000000000000e+02 3.410000000000000000e+02 3.410000000000000000e+02 6.430000000000000000e+02 4.810000000000000000e+02 1.000000000000000000e+01 1.940000000000000000e+02 5.380000000000000000e+02 2.800000000000000000e+02 -7.000000000000000000e+00 -2.000000000000000000e+01 0.000000000000000000e+00 0.000000000000000000e+00 0.000000000000000000e+00 1.000000000000000000e+00
-1.500000000000000000e+01 -3.000000000000000000e+00 4.700000000000000000e+02 8.010000000000000000e+02 2.880000000000000000e+02 1.540000000000000000e+02 5.940000000000000000e+02 9.400000000000000000e+02 4.570000000000000000e+02 4.570000000000000000e+02 9.400000000000000000e+02 5.940000000000000000e+02 1.540000000000000000e+02 2.880000000000000000e+02 8.010000000000000000e+02 4.700000000000000000e+02 -3.000000000000000000e+00 -1.500000000000000000e+01 0.000000000000000000e+00 0.000000000000000000e+00 0.000000000000000000e+00 1.000000000000000000e+00
2.000000000000000000e+01 -6.000000000000000000e+00 7.150000000000000000e+02 1.151000000000000000e+03 5.040000000000000000e+02 3.040000000000000000e+02 7.870000000000000000e+02 1.204000000000000000e+03 6.550000000000000000e+02 6.550000000000000000e+02 1.204000000000000000e+03 7.870000000000000000e+02 3.040000000000000000e+02 5.040000000000000000e+02 1.151000000000000000e+03 7.150000000000000000e+02 -6.000000000000000000e+00 2.000000000000000000e+01 0.000000000000000000e+00 0.000000000000000000e+00 0.000000000000000000e+00 1.000000000000000000e+00
1.330000000000000000e+02 -6.000000000000000000e+00 8.910000000000000000e+02 1.454000000000000000e+03 7.920000000000000000e+02 4.910000000000000000e+02 1.029000000000000000e+03 1.387000000000000000e+03 8.920000000000000000e+02 8.920000000000000000e+02 1.387000000000000000e+03 1.029000000000000000e+03 4.910000000000000000e+02 7.920000000000000000e+02 1.454000000000000000e+03 8.910000000000000000e+02 -6.000000000000000000e+00 1.330000000000000000e+02 0.000000000000000000e+00 0.000000000000000000e+00 0.000000000000000000e+00 1.000000000000000000e+00
2.340000000000000000e+02 0.000000000000000000e+00 1.048000000000000000e+03 1.715000000000000000e+03 9.120000000000000000e+02 6.630000000000000000e+02 1.151000000000000000e+03 1.614000000000000000e+03 1.012000000000000000e+03 1.012000000000000000e+03 1.614000000000000000e+03 1.151000000000000000e+03 6.630000000000000000e+02 9.120000000000000000e+02 1.715000000000000000e+03 1.048000000000000000e+03 0.000000000000000000e+00 2.340000000000000000e+02 0.000000000000000000e+00 0.000000000000000000e+00 0.000000000000000000e+00 1.000000000000000000e+00
2.810000000000000000e+02 1.000000000000000000e+00 1.166000000000000000e+03 1.957000000000000000e+03 9.600000000000000000e+02 7.390000000000000000e+02 1.226000000000000000e+03 1.816000000000000000e+03 1.038000000000000000e+03 1.038000000000000000e+03 1.816000000000000000e+03 1.226000000000000000e+03 7.390000000000000000e+02 9.600000000000000000e+02 1.957000000000000000e+03 1.166000000000000000e+03 1.000000000000000000e+00 2.810000000000000000e+02 0.000000000000000000e+00 0.000000000000000000e+00 0.000000000000000000e+00 1.000000000000000000e+00
2.930000000000000000e+02 2.000000000000000000e+00 1.164000000000000000e+03 2.035000000000000000e+03 9.770000000000000000e+02 7.550000000000000000e+02 1.267000000000000000e+03 1.850000000000000000e+03 1.004000000000000000e+03 1.004000000000000000e+03 1.850000000000000000e+03 1.267000000000000000e+03 7.550000000000000000e+02 9.770000000000000000e+02 2.035000000000000000e+03 1.164000000000000000e+03 2.000000000000000000e+00 2.930000000000000000e+02 0.000000000000000000e+00 0.000000000000000000e+00 0.000000000000000000e+00 1.000000000000000000e+00
2.860000000000000000e+02 5.000000000000000000e+00 1.111000000000000000e+03 1.963000000000000000e+03 9.610000000000000000e+02 7.270000000000000000e+02 1.241000000000000000e+03 1.789000000000000000e+03 9.640000000000000000e+02 9.640000000000000000e+02 1.789000000000000000e+03 1.241000000000000000e+03 7.270000000000000000e+02 9.610000000000000000e+02 1.963000000000000000e+03 1.111000000000000000e+03 5.000000000000000000e+00 2.860000000000000000e+02 0.000000000000000000e+00 0.000000000000000000e+00 0.000000000000000000e+00 1.000000000000000000e+00
2.650000000000000000e+02 -1.000000000000000000e+01 1.067000000000000000e+03 1.895000000000000000e+03 9.350000000000000000e+02 6.790000000000000000e+02 1.209000000000000000e+03 1.721000000000000000e+03 9.380000000000000000e+02 9.380000000000000000e+02 1.721000000000000000e+03 1.209000000000000000e+03 6.790000000000000000e+02 9.350000000000000000e+02 1.895000000000000000e+03 1.067000000000000000e+03 -1.000000000000000000e+01 2.650000000000000000e+02 0.000000000000000000e+00 0.000000000000000000e+00 0.000000000000000000e+00 1.000000000000000000e+00
2.400000000000000000e+02 -3.000000000000000000e+00 1.008000000000000000e+03 1.817000000000000000e+03 8.740000000000000000e+02 6.360000000000000000e+02 1.155000000000000000e+03 1.661000000000000000e+03 8.750000000000000000e+02 8.750000000000000000e+02 1.661000000000000000e+03 1.155000000000000000e+03 6.360000000000000000e+02 8.740000000000000000e+02 1.817000000000000000e+03 1.008000000000000000e+03 -3.000000000000000000e+00 2.400000000000000000e+02 0.000000000000000000e+00 0.000000000000000000e+00 0.000000000000000000e+00 1.000000000000000000e+00
1.940000000000000000e+02 -2.000000000000000000e+00 9.370000000000000000e+02 1.716000000000000000e+03 7.320000000000000000e+02 5.630000000000000000e+02 1.056000000000000000e+03 1.603000000000000000e+03 7.210000000000000000e+02 7.210000000000000000e+02 1.603000000000000000e+03 1.056000000000000000e+03 5.630000000000000000e+02 7.320000000000000000e+02 1.716000000000000000e+03 9.370000000000000000e+02 -2.000000000000000000e+00 1.940000000000000000e+02 0.000000000000000000e+00 0.000000000000000000e+00 0.000000000000000000e+00 1.000000000000000000e+00
1.020000000000000000e+02 -1.000000000000000000e+00 8.770000000000000000e+02 1.624000000000000000e+03 6.010000000000000000e+02 4.560000000000000000e+02 9.670000000000000000e+02 1.542000000000000000e+03 5.810000000000000000e+02 5.810000000000000000e+02 1.542000000000000000e+03 9.670000000000000000e+02 4.560000000000000000e+02 6.010000000000000000e+02 1.624000000000000000e+03 8.770000000000000000e+02 -1.000000000000000000e+00 1.020000000000000000e+02 0.000000000000000000e+00 0.000000000000000000e+00 0.000000000000000000e+00 1.000000000000000000e+00
6.100000000000000000e+01 4.000000000000000000e+00 7.450000000000000000e+02 1.464000000000000000e+03 4.940000000000000000e+02 4.200000000000000000e+02 8.890000000000000000e+02 1.415000000000000000e+03 4.530000000000000000e+02 4.530000000000000000e+02 1.415000000000000000e+03 8.890000000000000000e+02 4.200000000000000000e+02 4.940000000000000000e+02 1.464000000000000000e+03 7.450000000000000000e+02 4.000000000000000000e+00 6.100000000000000000e+01 0.000000000000000000e+00 0.000000000000000000e+00 0.000000000000000000e+00 1.000000000000000000e+00
3.300000000000000000e+01 1.000000000000000000e+00 5.730000000000000000e+02 1.219000000000000000e+03 3.360000000000000000e+02 3.520000000000000000e+02 7.360000000000000000e+02 1.259000000000000000e+03 2.770000000000000000e+02 2.770000000000000000e+02 1.259000000000000000e+03 7.360000000000000000e+02 3.520000000000000000e+02 3.360000000000000000e+02 1.219000000000000000e+03 5.730000000000000000e+02 1.000000000000000000e+00 3.300000000000000000e+01 0.000000000000000000e+00 0.000000000000000000e+00 0.000000000000000000e+00 1.000000000000000000e+00
-7.000000000000000000e+00 3.000000000000000000e+00 4.310000000000000000e+02 1.010000000000000000e+03 9.000000000000000000e+01 2.450000000000000000e+02 5.600000000000000000e+02 1.147000000000000000e+03 7.600000000000000000e+01 7.600000000000000000e+01 1.147000000000000000e+03 5.600000000000000000e+02 2.450000000000000000e+02 9.000000000000000000e+01 1.010000000000000000e+03 4.310000000000000000e+02 3.000000000000000000e+00 -7.000000000000000000e+00 0.000000000000000000e+00 0.000000000000000000e+00 0.000000000000000000e+00 1.000000000000000000e+00
-9.000000000000000000e+00 0.000000000000000000e+00 2.780000000000000000e+02 8.280000000000000000e+02 -5.000000000000000000e+00 1.260000000000000000e+02 3.350000000000000000e+02 1.029000000000000000e+03 8.000000000000000000e+00 8.000000000000000000e+00 1.029000000000000000e+03 3.350000000000000000e+02 1.260000000000000000e+02 -5.000000000000000000e+00 8.280000000000000000e+02 2.780000000000000000e+02 0.000000000000000000e+00 -9.000000000000000000e+00 0.000000000000000000e+00 0.000000000000000000e+00 0.000000000000000000e+00 1.000000000000000000e+00
-7.000000000000000000e+00 5.000000000000000000e+00 1.420000000000000000e+02 6.340000000000000000e+02 -8.000000000000000000e+00 1.500000000000000000e+01 1.400000000000000000e+02 8.680000000000000000e+02 1.300000000000000000e+01 1.300000000000000000e+01 8.680000000000000000e+02 1.400000000000000000e+02 1.500000000000000000e+01 -8.000000000000000000e+00 6.340000000000000000e+02 1.420000000000000000e+02 5.000000000000000000e+00 -7.000000000000000000e+00 0.000000000000000000e+00 0.000000000000000000e+00 0.000000000000000000e+00 1.000000000000000000e+00
-1.200000000000000000e+01 6.000000000000000000e+00 4.400000000000000000e+01 4.500000000000000000e+02 -3.000000000000000000e+00 0.000000000000000000e+00 3.000000000000000000e+01 6.820000000000000000e+02 8.000000000000000000e+00 8.000000000000000000e+00 6.820000000000000000e+02 3.000000000000000000e+01 0.000000000000000000e+00 -3.000000000000000000e+00 4.500000000000000000e+02 4.400000000000000000e+01 6.000000000000000000e+00 -1.200000000000000000e+01 0.000000000000000000e+00 0.000000000000000000e+00 0.000000000000000000e+00 1.000000000000000000e+00
-6.000000000000000000e+00 4.000000000000000000e+00 -9.000000000000000000e+00 3.370000000000000000e+02 -7.000000000000000000e+00 0.000000000000000000e+00 1.700000000000000000e+01 5.570000000000000000e+02 8.000000000000000000e+00 8.000000000000000000e+00 5.570000000000000000e+02 1.700000000000000000e+01 0.000000000000000000e+00 -7.000000000000000000e+00 3.370000000000000000e+02 -9.000000000000000000e+00 4.000000000000000000e+00 -6.000000000000000000e+00 0.000000000000000000e+00 0.000000000000000000e+00 0.000000000000000000e+00 1.000000000000000000e+00
-3.000000000000000000e+00 5.000000000000000000e+00 -1.000000000000000000e+00 2.630000000000000000e+02 -7.000000000000000000e+00 9.000000000000000000e+00 9.000000000000000000e+00 4.960000000000000000e+02 1.900000000000000000e+01 1.900000000000000000e+01 4.960000000000000000e+02 9.000000000000000000e+00 9.000000000000000000e+00 -7.000000000000000000e+00 2.630000000000000000e+02 -1.000000000000000000e+00 5.000000000000000000e+00 -3.000000000000000000e+00 0.000000000000000000e+00 0.000000000000000000e+00 0.000000000000000000e+00 1.000000000000000000e+00
-8.000000000000000000e+00 3.000000000000000000e+00 0.000000000000000000e+00 2.170000000000000000e+02 -6.000000000000000000e+00 7.000000000000000000e+00 1.100000000000000000e+01 4.650000000000000000e+02 1.900000000000000000e+01 1.900000000000000000e+01 4.650000000000000000e+02 1.100000000000000000e+01 7.000000000000000000e+00 -6.000000000000000000e+00 2.170000000000000000e+02 0.000000000000000000e+00 3.000000000000000000e+00 -8.000000000000000000e+00 0.000000000000000000e+00 0.000000000000000000e+00 0.000000000000000000e+00 1.000000000000000000e+00
-1.000000000000000000e+01 0.000000000000000000e+00 -1.500000000000000000e+01 1.860000000000000000e+02 -1.000000000000000000e+01 -3.000000000000000000e+00 1.500000000000000000e+01 4.400000000000000000e+02 1.000000000000000000e+01 1.000000000000000000e+01 4.400000000000000000e+02 1.500000000000000000e+01 -3.000000000000000000e+00 -1.000000000000000000e+01 1.860000000000000000e+02 -1.500000000000000000e+01 0.000000000000000000e+00 -1.000000000000000000e+01 0.000000000000000000e+00 0.000000000000000000e+00 0.000000000000000000e+00 1.000000000000000000e+00
-1.200000000000000000e+01 -4.000000000000000000e+00 -7.000000000000000000e+00 1.520000000000000000e+02 -4.000000000000000000e+00 8.000000000000000000e+00 1.300000000000000000e+01 4.270000000000000000e+02 9.000000000000000000e+00 9.000000000000000000e+00 4.270000000000000000e+02 1.300000000000000000e+01 8.000000000000000000e+00 -4.000000000000000000e+00 1.520000000000000000e+02 -7.000000000000000000e+00 -4.000000000000000000e+00 -1.200000000000000000e+01 0.000000000000000000e+00 0.000000000000000000e+00 0.000000000000000000e+00 1.000000000000000000e+00
-1.000000000000000000e+01 4.000000000000000000e+00 -5.000000000000000000e+00 1.240000000000000000e+02 2.000000000000000000e+00 9.000000000000000000e+00 1.100000000000000000e+01 4.020000000000000000e+02 2.400000000000000000e+01 2.400000000000000000e+01 4.020000000000000000e+02 1.100000000000000000e+01 9.000000000000000000e+00 2.000000000000000000e+00 1.240000000000000000e+02 -5.000000000000000000e+00 4.000000000000000000e+00 -1.000000000000000000e+01 0.000000000000000000e+00 0.000000000000000000e+00 0.000000000000000000e+00 1.000000000000000000e+00
-7.000000000000000000e+00 1.000000000000000000e+00 -1.500000000000000000e+01 1.060000000000000000e+02 -1.100000000000000000e+01 1.600000000000000000e+01 1.400000000000000000e+01 3.750000000000000000e+02 1.200000000000000000e+01 1.200000000000000000e+01 3.750000000000000000e+02 1.400000000000000000e+01 1.600000000000000000e+01 -1.100000000000000000e+01 1.060000000000000000e+02 -1.500000000000000000e+01 1.000000000000000000e+00 -7.000000000000000000e+00 0.000000000000000000e+00 0.000000000000000000e+00 0.000000000000000000e+00 1.000000000000000000e+00
4.000000000000000000e+00 0.000000000000000000e+00 -9.000000000000000000e+00 9.800000000000000000e+01 -6.000000000000000000e+00 4.000000000000000000e+00 1.400000000000000000e+01 3.530000000000000000e+02 2.100000000000000000e+01 2.100000000000000000e+01 3.530000000000000000e+02 1.400000000000000000e+01 4.000000000000000000e+00 -6.000000000000000000e+00 9.800000000000000000e+01 -9.000000000000000000e+00 0.000000000000000000e+00 4.000000000000000000e+00 0.000000000000000000e+00 0.000000000000000000e+00 0.000000000000000000e+00 1.000000000000000000e+00
-6.000000000000000000e+00 0.000000000000000000e+00 -6.000000000000000000e+00 9.000000000000000000e+01 -1.000000000000000000e+01 3.000000000000000000e+00 1.600000000000000000e+01 3.390000000000000000e+02 5.000000000000000000e+00 5.000000000000000000e+00 3.390000000000000000e+02 1.600000000000000000e+01 3.000000000000000000e+00 -1.000000000000000000e+01 9.000000000000000000e+01 -6.000000000000000000e+00 0.000000000000000000e+00 -6.000000000000000000e+00 0.000000000000000000e+00 0.000000000000000000e+00 0.000000000000000000e+00 1.000000000000000000e+00
-1.800000000000000000e+01 5.000000000000000000e+00 -2.400000000000000000e+01 5.100000000000000000e+01 -1.300000000000000000e+01 1.400000000000000000e+01 2.080000000000000000e+02 1.020000000000000000e+02 2.400000000000000000e+01 2.400000000000000000e+01 1.020000000000000000e+02 2.080000000000000000e+02 1.400000000000000000e+01 -1.300000000000000000e+01 5.100000000000000000e+01 -2.400000000000000000e+01 5.000000000000000000e+00 -1.800000000000000000e+01 0.000000000000000000e+00 0.000000000000000000e+00 0.000000000000000000e+00 1.000000000000000000e+00
-6.000000000000000000e+00 -3.000000000000000000e+00 -4.000000000000000000e+00 0.000000000000000000e+00 1.000000000000000000e+01 -1.400000000000000000e+01 3.280000000000000000e+02 1.000000000000000000e+01 3.000000000000000000e+00 3.000000000000000000e+00 1.000000000000000000e+01 3.280000000000000000e+02 -1.400000000000000000e+01 1.000000000000000000e+01 0.000000000000000000e+00 -4.000000000000000000e+00 -3.000000000000000000e+00 -6.000000000000000000e+00 0.000000000000000000e+00 0.000000000000000000e+00 0.000000000000000000e+00 1.000000000000000000e+00
-1.000000000000000000e+00 -5.000000000000000000e+00 -1.000000000000000000e+00 -4.000000000000000000e+00 4.000000000000000000e+00 -9.000000000000000000e+00 3.160000000000000000e+02 9.000000000000000000e+00 -2.000000000000000000e+00 -2.000000000000000000e+00 9.000000000000000000e+00 3.160000000000000000e+02 -9.000000000000000000e+00 4.000000000000000000e+00 -4.000000000000000000e+00 -1.000000000000000000e+00 -5.000000000000000000e+00 -1.000000000000000000e+00 0.000000000000000000e+00 0.000000000000000000e+00 0.000000000000000000e+00 1.000000000000000000e+00
0.000000000000000000e+00 -2.000000000000000000e+00 -1.000000000000000000e+00 7.800000000000000000e+01 -5.000000000000000000e+00 4.000000000000000000e+00 1.100000000000000000e+01 2.680000000000000000e+02 3.000000000000000000e+00 3.000000000000000000e+00 2.680000000000000000e+02 1.100000000000000000e+01 4.000000000000000000e+00 -5.000000000000000000e+00 7.800000000000000000e+01 -1.000000000000000000e+00 -2.000000000000000000e+00 0.000000000000000000e+00 0.000000000000000000e+00 0.000000000000000000e+00 0.000000000000000000e+00 1.000000000000000000e+00
-2.000000000000000000e+00 -6.000000000000000000e+00 1.000000000000000000e+00 7.200000000000000000e+01 -1.000000000000000000e+00 -5.000000000000000000e+00 7.000000000000000000e+00 2.700000000000000000e+02 1.000000000000000000e+00 1.000000000000000000e+00 2.700000000000000000e+02 7.000000000000000000e+00 -5.000000000000000000e+00 -1.000000000000000000e+00 7.200000000000000000e+01 1.000000000000000000e+00 -6.000000000000000000e+00 -2.000000000000000000e+00 0.000000000000000000e+00 0.000000000000000000e+00 0.000000000000000000e+00 1.000000000000000000e+00
-8.000000000000000000e+00 -9.000000000000000000e+00 -1.300000000000000000e+01 7.900000000000000000e+01 0.000000000000000000e+00 4.000000000000000000e+00 6.000000000000000000e+00 2.790000000000000000e+02 1.000000000000000000e+00 1.000000000000000000e+00 2.790000000000000000e+02 6.000000000000000000e+00 4.000000000000000000e+00 0.000000000000000000e+00 7.900000000000000000e+01 -1.300000000000000000e+01 -9.000000000000000000e+00 -8.000000000000000000e+00 0.000000000000000000e+00 0.000000000000000000e+00 0.000000000000000000e+00 1.000000000000000000e+00
-5.000000000000000000e+00 -7.000000000000000000e+00 -6.000000000000000000e+00 -7.000000000000000000e+00 8.000000000000000000e+00 0.000000000000000000e+00 2.820000000000000000e+02 1.000000000000000000e+01 -6.000000000000000000e+00 -6.000000000000000000e+00 1.000000000000000000e+01 2.820000000000000000e+02 0.000000000000000000e+00 8.000000000000000000e+00 -7.000000000000000000e+00 -6.000000000000000000e+00 -7.000000000000000000e+00 -5.000000000000000000e+00 0.000000000000000000e+00 0.000000000000000000e+00 0.000000000000000000e+00 1.000000000000000000e+00
-7.000000000000000000e+00 -8.000000000000000000e+00 -5.000000000000000000e+00 7.900000000000000000e+01 1.500000000000000000e+01 -4.000000000000000000e+00 6.000000000000000000e+00 2.910000000000000000e+02 5.000000000000000000e+00 5.000000000000000000e+00 2.910000000000000000e+02 6.000000000000000000e+00 -4.000000000000000000e+00 1.500000000000000000e+01 7.900000000000000000e+01 -5.000000000000000000e+00 -8.000000000000000000e+00 -7.000000000000000000e+00 0.000000000000000000e+00 0.000000000000000000e+00 0.000000000000000000e+00 1.000000000000000000e+00
-5.000000000000000000e+00 -1.900000000000000000e+01 6.000000000000000000e+00 -2.000000000000000000e+00 9.000000000000000000e+00 -9.000000000000000000e+00 2.890000000000000000e+02 8.000000000000000000e+00 -4.000000000000000000e+00 -4.000000000000000000e+00 8.000000000000000000e+00 2.890000000000000000e+02 -9.000000000000000000e+00 9.000000000000000000e+00 -2.000000000000000000e+00 6.000000000000000000e+00 -1.900000000000000000e+01 -5.000000000000000000e+00 0.000000000000000000e+00 0.000000000000000000e+00 0.000000000000000000e+00 1.000000000000000000e+00
-2.000000000000000000e+00 -6.000000000000000000e+00 2.000000000000000000e+00 -8.000000000000000000e+00 0.000000000000000000e+00 -9.000000000000000000e+00 2.900000000000000000e+02 9.000000000000000000e+00 -2.000000000000000000e+00 -2.000000000000000000e+00 9.000000000000000000e+00 2.900000000000000000e+02 -9.000000000000000000e+00 0.000000000000000000e+00 -8.000000000000000000e+00 2.000000000000000000e+00 -6.000000000000000000e+00 -2.000000000000000000e+00 0.000000000000000000e+00 0.000000000000000000e+00 0.000000000000000000e+00 1.000000000000000000e+00
-2.000000000000000000e+00 -1.200000000000000000e+01 -3.000000000000000000e+00 -9.000000000000000000e+00 5.000000000000000000e+00 -6.000000000000000000e+00 2.930000000000000000e+02 8.000000000000000000e+00 -6.000000000000000000e+00 -6.000000000000000000e+00 8.000000000000000000e+00 2.930000000000000000e+02 -6.000000000000000000e+00 5.000000000000000000e+00 -9.000000000000000000e+00 -3.000000000000000000e+00 -1.200000000000000000e+01 -2.000000000000000000e+00 0.000000000000000000e+00 0.000000000000000000e+00 0.000000000000000000e+00 1.000000000000000000e+00
-2.000000000000000000e+00 -4.000000000000000000e+00 4.000000000000000000e+00 -9.000000000000000000e+00 7.000000000000000000e+00 -7.000000000000000000e+00 2.930000000000000000e+02 1.300000000000000000e+01 3.000000000000000000e+00 3.000000000000000000e+00 1.300000000000000000e+01 2.930000000000000000e+02 -7.000000000000000000e+00 7.000000000000000000e+00 -9.000000000000000000e+00 4.000000000000000000e+00 -4.000000000000000000e+00 -2.000000000000000000e+00 0.000000000000000000e+00 0.000000000000000000e+00 0.000000000000000000e+00 1.000000000000000000e+00
4.000000000000000000e+00 2.000000000000000000e+00 -1.000000000000000000e+01 7.300000000000000000e+01 -1.000000000000000000e+00 2.000000000000000000e+00 7.400000000000000000e+01 2.060000000000000000e+02 1.400000000000000000e+01 1.400000000000000000e+01 2.060000000000000000e+02 7.400000000000000000e+01 2.000000000000000000e+00 -1.000000000000000000e+00 7.300000000000000000e+01 -1.000000000000000000e+01 2.000000000000000000e+00 4.000000000000000000e+00 0.000000000000000000e+00 0.000000000000000000e+00 0.000000000000000000e+00 1.000000000000000000e+00
-7.000000000000000000e+00 6.000000000000000000e+00 -1.000000000000000000e+00 7.800000000000000000e+01 5.000000000000000000e+00 6.000000000000000000e+00 1.900000000000000000e+01 2.930000000000000000e+02 5.000000000000000000e+00 5.000000000000000000e+00 2.930000000000000000e+02 1.900000000000000000e+01 6.000000000000000000e+00 5.000000000000000000e+00 7.800000000000000000e+01 -1.000000000000000000e+00 6.000000000000000000e+00 -7.000000000000000000e+00 0.000000000000000000e+00 0.000000000000000000e+00 0.000000000000000000e+00 1.000000000000000000e+00
-1.000000000000000000e+00 1.000000000000000000e+00 1.100000000000000000e+01 7.000000000000000000e+01 -4.000000000000000000e+00 1.200000000000000000e+01 1.400000000000000000e+01 2.880000000000000000e+02 1.900000000000000000e+01 1.900000000000000000e+01 2.880000000000000000e+02 1.400000000000000000e+01 1.200000000000000000e+01 -4.000000000000000000e+00 7.000000000000000000e+01 1.100000000000000000e+01 1.000000000000000000e+00 -1.000000000000000000e+00 0.000000000000000000e+00 0.000000000000000000e+00 0.000000000000000000e+00 1.000000000000000000e+00
-2.000000000000000000e+00 -2.000000000000000000e+00 -3.000000000000000000e+00 5.700000000000000000e+01 -4.000000000000000000e+00 0.000000000000000000e+00 1.300000000000000000e+01 2.740000000000000000e+02 7.000000000000000000e+00 7.000000000000000000e+00 2.740000000000000000e+02 1.300000000000000000e+01 0.000000000000000000e+00 -4.000000000000000000e+00 5.700000000000000000e+01 -3.000000000000000000e+00 -2.000000000000000000e+00 -2.000000000000000000e+00 0.000000000000000000e+00 0.000000000000000000e+00 0.000000000000000000e+00 1.000000000000000000e+00
-1.000000000000000000e+00 -1.200000000000000000e+01 3.000000000000000000e+00 -1.000000000000000000e+01 5.000000000000000000e+00 -3.000000000000000000e+00 2.600000000000000000e+02 1.600000000000000000e+01 2.000000000000000000e+00 2.000000000000000000e+00 1.600000000000000000e+01 2.600000000000000000e+02 -3.000000000000000000e+00 5.000000000000000000e+00 -1.000000000000000000e+01 3.000000000000000000e+00 -1.200000000000000000e+01 -1.000000000000000000e+00 0.000000000000000000e+00 0.000000000000000000e+00 0.000000000000000000e+00 1.000000000000000000e+00
-1.000000000000000000e+00 -1.100000000000000000e+01 0.000000000000000000e+00 -3.000000000000000000e+00 9.000000000000000000e+00 -8.000000000000000000e+00 2.400000000000000000e+02 9.000000000000000000e+00 -1.000000000000000000e+00 -1.000000000000000000e+00 9.000000000000000000e+00 2.400000000000000000e+02 -8.000000000000000000e+00 9.000000000000000000e+00 -3.000000000000000000e+00 0.000000000000000000e+00 -1.100000000000000000e+01 -1.000000000000000000e+00 0.000000000000000000e+00 0.000000000000000000e+00 0.000000000000000000e+00 1.000000000000000000e+00
-3.000000000000000000e+00 -1.000000000000000000e+01 -2.000000000000000000e+00 -6.000000000000000000e+00 8.000000000000000000e+00 1.000000000000000000e+00 2.200000000000000000e+02 1.500000000000000000e+01 -1.000000000000000000e+00 -1.000000000000000000e+00 1.500000000000000000e+01 2.200000000000000000e+02 1.000000000000000000e+00 8.000000000000000000e+00 -6.000000000000000000e+00 -2.000000000000000000e+00 -1.000000000000000000e+01 -3.000000000000000000e+00 0.000000000000000000e+00 0.000000000000000000e+00 0.000000000000000000e+00 1.000000000000000000e+00
2.000000000000000000e+00 -1.300000000000000000e+01 0.000000000000000000e+00 -2.000000000000000000e+00 0.000000000000000000e+00 -6.000000000000000000e+00 1.970000000000000000e+02 1.500000000000000000e+01 3.000000000000000000e+00 3.000000000000000000e+00 1.500000000000000000e+01 1.970000000000000000e+02 -6.000000000000000000e+00 0.000000000000000000e+00 -2.000000000000000000e+00 0.000000000000000000e+00 -1.300000000000000000e+01 2.000000000000000000e+00 0.000000000000000000e+00 0.000000000000000000e+00 0.000000000000000000e+00 1.000000000000000000e+00
2.000000000000000000e+00 -2.600000000000000000e+01 -2.000000000000000000e+00 -2.000000000000000000e+00 7.000000000000000000e+00 -6.000000000000000000e+00 1.680000000000000000e+02 7.000000000000000000e+00 4.000000000000000000e+00 4.000000000000000000e+00 7.000000000000000000e+00 1.680000000000000000e+02 -6.000000000000000000e+00 7.000000000000000000e+00 -2.000000000000000000e+00 -2.000000000000000000e+00 -2.600000000000000000e+01 2.000000000000000000e+00 0.000000000000000000e+00 0.000000000000000000e+00 0.000000000000000000e+00 1.000000000000000000e+00
