-8.000000000000000000e+00 9.000000000000000000e+00 3.260000000000000000e+02 1.450000000000000000e+02 1.274000000000000000e+03 5.000000000000000000e+00 1.070000000000000000e+03 -7.000000000000000000e+00 1.430000000000000000e+02 1.430000000000000000e+02 -7.000000000000000000e+00 1.070000000000000000e+03 5.000000000000000000e+00 1.274000000000000000e+03 1.450000000000000000e+02 3.260000000000000000e+02 9.000000000000000000e+00 -8.000000000000000000e+00 0.000000000000000000e+00 0.000000000000000000e+00 1.000000000000000000e+00 0.000000000000000000e+00
-4.000000000000000000e+00 6.000000000000000000e+00 3.670000000000000000e+02 1.850000000000000000e+02 1.386000000000000000e+03 0.000000000000000000e+00 1.106000000000000000e+03 -7.000000000000000000e+00 1.960000000000000000e+02 1.960000000000000000e+02 -7.000000000000000000e+00 1.106000000000000000e+03 0.000000000000000000e+00 1.386000000000000000e+03 1.850000000000000000e+02 3.670000000000000000e+02 6.000000000000000000e+00 -4.000000000000000000e+00 0.000000000000000000e+00 0.000000000000000000e+00 1.000000000000000000e+00 0.000000000000000000e+00
1.600000000000000000e+01 0.000000000000000000e+00 4.120000000000000000e+02 2.490000000000000000e+02 1.523000000000000000e+03 1.000000000000000000e+01 1.146000000000000000e+03 -5.000000000000000000e+00 2.840000000000000000e+02 2.840000000000000000e+02 -5.000000000000000000e+00 1.146000000000000000e+03 1.000000000000000000e+01 1.523000000000000000e+03 2.490000000000000000e+02 4.120000000000000000e+02 0.000000000000000000e+00 1.600000000000000000e+01 0.000000000000000000e+00 0.000000000000000000e+00 1.000000000000000000e+00 0.000000000000000000e+00
5.000000000000000000e+01 1.500000000000000000e+01 4.670000000000000000e+02 4.210000000000000000e+02 1.614000000000000000e+03 2.000000000000000000e+00 1.180000000000000000e+03 -9.000000000000000000e+00 3.800000000000000000e+02 3.800000000000000000e+02 -9.000000000000000000e+00 1.180000000000000000e+03 2.000000000000000000e+00 1.614000000000000000e+03 4.210000000000000000e+02 4.670000000000000000e+02 1.500000000000000000e+01 5.000000000000000000e+01 0.000000000000000000e+00 0.000000000000000000e+00 1.000000000000000000e+00 0.000000000000000000e+00
2.400000000000000000e+01 1.260000000000000000e+02 5.260000000000000000e+02 6.980000000000000000e+02 1.584000000000000000e+03 7.000000000000000000e+00 1.191000000000000000e+03 5.000000000000000000e+01 4.040000000000000000e+02 4.040000000000000000e+02 5.000000000000000000e+01 1.191000000000000000e+03 7.000000000000000000e+00 1.584000000000000000e+03 6.980000000000000000e+02 5.260000000000000000e+02 1.260000000000000000e+02 2.400000000000000000e+01 0.000000000000000000e+00 0.000000000000000000e+00 1.000000000000000000e+00 0.000000000000000000e+00
-1.100000000000000000e+01 2.310000000000000000e+02 5.400000000000000000e+02 9.460000000000000000e+02 1.356000000000000000e+03 7.000000000000000000e+00 1.081000000000000000e+03 4.030000000000000000e+02 3.610000000000000000e+02 3.610000000000000000e+02 4.030000000000000000e+02 1.081000000000000000e+03 7.000000000000000000e+00 1.356000000000000000e+03 9.460000000000000000e+02 5.400000000000000000e+02 2.310000000000000000e+02 -1.100000000000000000e+01 0.000000000000000000e+00 0.000000000000000000e+00 1.000000000000000000e+00 0.000000000000000000e+00
-1.000000000000000000e+01 3.090000000000000000e+02 5.440000000000000000e+02 1.158000000000000000e+03 9.340000000000000000e+02 7.000000000000000000e+00 8.190000000000000000e+02 7.690000000000000000e+02 2.840000000000000000e+02 2.840000000000000000e+02 7.690000000000000000e+02 8.190000000000000000e+02 7.000000000000000000e+00 9.340000000000000000e+02 1.158000000000000000e+03 5.440000000000000000e+02 3.090000000000000000e+02 -1.000000000000000000e+01 0.000000000000000000e+00 0.000000000000000000e+00 1.000000000000000000e+00 0.000000000000000000e+00
-1.000000000000000000e+01 3.240000000000000000e+02 5.560000000000000000e+02 1.366000000000000000e+03 3.660000000000000000e+02 -1.000000000000000000e+00 4.670000000000000000e+02 1.131000000000000000e+03 2.150000000000000000e+02 2.150000000000000000e+02 1.131000000000000000e+03 4.670000000000000000e+02 -1.000000000000000000e+00 3.660000000000000000e+02 1.366000000000000000e+03 5.560000000000000000e+02 3.240000000000000000e+02 -1.000000000000000000e+01 0.000000000000000000e+00 0.000000000000000000e+00 1.000000000000000000e+00 0.000000000000000000e+00
-6.000000000000000000e+00 2.200000000000000000e+02 5.540000000000000000e+02 1.477000000000000000e+03 -9.000000000000000000e+00 1.100000000000000000e+01 2.800000000000000000e+01 1.303000000000000000e+03 1.280000000000000000e+02 1.280000000000000000e+02 1.303000000000000000e+03 2.800000000000000000e+01 1.100000000000000000e+01 -9.000000000000000000e+00 1.477000000000000000e+03 5.540000000000000000e+02 2.200000000000000000e+02 -6.000000000000000000e+00 0.000000000000000000e+00 0.000000000000000000e+00 1.000000000000000000e+00 0.000000000000000000e+00
-5.000000000000000000e+00 5.900000000000000000e+01 5.090000000000000000e+02 1.414000000000000000e+03 -7.000000000000000000e+00 6.000000000000000000e+00 0.000000000000000000e+00 1.259000000000000000e+03 3.400000000000000000e+01 3.400000000000000000e+01 1.259000000000000000e+03 0.000000000000000000e+00 6.000000000000000000e+00 -7.000000000000000000e+00 1.414000000000000000e+03 5.090000000000000000e+02 5.900000000000000000e+01 -5.000000000000000000e+00 0.000000000000000000e+00 0.000000000000000000e+00 1.000000000000000000e+00 0.000000000000000000e+00
-7.000000000000000000e+00 -6.000000000000000000e+00 4.440000000000000000e+02 1.222000000000000000e+03 -6.000000000000000000e+00 8.000000000000000000e+00 1.000000000000000000e+01 1.072000000000000000e+03 4.000000000000000000e+00 4.000000000000000000e+00 1.072000000000000000e+03 1.000000000000000000e+01 8.000000000000000000e+00 -6.000000000000000000e+00 1.222000000000000000e+03 4.440000000000000000e+02 -6.000000000000000000e+00 -7.000000000000000000e+00 0.000000000000000000e+00 0.000000000000000000e+00 1.000000000000000000e+00 0.000000000000000000e+00
-1.800000000000000000e+01 -7.000000000000000000e+00 3.730000000000000000e+02 9.810000000000000000e+02 7.000000000000000000e+01 -2.000000000000000000e+00 2.170000000000000000e+02 8.220000000000000000e+02 6.000000000000000000e+00 6.000000000000000000e+00 8.220000000000000000e+02 2.170000000000000000e+02 -2.000000000000000000e+00 7.000000000000000000e+01 9.810000000000000000e+02 3.730000000000000000e+02 -7.000000000000000000e+00 -1.800000000000000000e+01 0.000000000000000000e+00 0.000000000000000000e+00 1.000000000000000000e+00 0.000000000000000000e+00
-7.000000000000000000e+00 2.000000000000000000e+00 3.140000000000000000e+02 7.800000000000000000e+02 1.720000000000000000e+02 1.400000000000000000e+01 3.260000000000000000e+02 6.360000000000000000e+02 -2.000000000000000000e+00 -2.000000000000000000e+00 6.360000000000000000e+02 3.260000000000000000e+02 1.400000000000000000e+01 1.720000000000000000e+02 7.800000000000000000e+02 3.140000000000000000e+02 2.000000000000000000e+00 -7.000000000000000000e+00 0.000000000000000000e+00 0.000000000000000000e+00 1.000000000000000000e+00 0.000000000000000000e+00
-1.500000000000000000e+01 -1.000000000000000000e+00 2.810000000000000000e+02 6.590000000000000000e+02 1.970000000000000000e+02 8.000000000000000000e+00 3.660000000000000000e+02 5.290000000000000000e+02 0.000000000000000000e+00 0.000000000000000000e+00 5.290000000000000000e+02 3.660000000000000000e+02 8.000000000000000000e+00 1.970000000000000000e+02 6.590000000000000000e+02 2.810000000000000000e+02 -1.000000000000000000e+00 -1.500000000000000000e+01 0.000000000000000000e+00 0.000000000000000000e+00 1.000000000000000000e+00 0.000000000000000000e+00
-1.600000000000000000e+01 -1.000000000000000000e+00 2.750000000000000000e+02 6.130000000000000000e+02 1.650000000000000000e+02 5.000000000000000000e+00 3.640000000000000000e+02 5.160000000000000000e+02 0.000000000000000000e+00 0.000000000000000000e+00 5.160000000000000000e+02 3.640000000000000000e+02 5.000000000000000000e+00 1.650000000000000000e+02 6.130000000000000000e+02 2.750000000000000000e+02 -1.000000000000000000e+00 -1.600000000000000000e+01 0.000000000000000000e+00 0.000000000000000000e+00 1.000000000000000000e+00 0.000000000000000000e+00
-8.000000000000000000e+00 1.000000000000000000e+00 2.830000000000000000e+02 6.360000000000000000e+02 9.100000000000000000e+01 2.000000000000000000e+00 3.340000000000000000e+02 5.770000000000000000e+02 4.000000000000000000e+00 4.000000000000000000e+00 5.770000000000000000e+02 3.340000000000000000e+02 2.000000000000000000e+00 9.100000000000000000e+01 6.360000000000000000e+02 2.830000000000000000e+02 1.000000000000000000e+00 -8.000000000000000000e+00 0.000000000000000000e+00 0.000000000000000000e+00 1.000000000000000000e+00 0.000000000000000000e+00
4.000000000000000000e+00 2.000000000000000000e+00 3.180000000000000000e+02 7.050000000000000000e+02 1.000000000000000000e+01 3.000000000000000000e+00 2.980000000000000000e+02 6.810000000000000000e+02 9.000000000000000000e+00 9.000000000000000000e+00 6.810000000000000000e+02 2.980000000000000000e+02 3.000000000000000000e+00 1.000000000000000000e+01 7.050000000000000000e+02 3.180000000000000000e+02 2.000000000000000000e+00 4.000000000000000000e+00 0.000000000000000000e+00 0.000000000000000000e+00 1.000000000000000000e+00 0.000000000000000000e+00
-4.000000000000000000e+00 2.000000000000000000e+00 3.860000000000000000e+02 8.140000000000000000e+02 -6.000000000000000000e+00 0.000000000000000000e+00 2.790000000000000000e+02 7.990000000000000000e+02 6.000000000000000000e+00 6.000000000000000000e+00 7.990000000000000000e+02 2.790000000000000000e+02 0.000000000000000000e+00 -6.000000000000000000e+00 8.140000000000000000e+02 3.860000000000000000e+02 2.000000000000000000e+00 -4.000000000000000000e+00 0.000000000000000000e+00 0.000000000000000000e+00 1.000000000000000000e+00 0.000000000000000000e+00
-5.000000000000000000e+00 -3.000000000000000000e+00 4.890000000000000000e+02 9.670000000000000000e+02 -1.000000000000000000e+01 6.000000000000000000e+00 3.220000000000000000e+02 9.500000000000000000e+02 1.000000000000000000e+01 1.000000000000000000e+01 9.500000000000000000e+02 3.220000000000000000e+02 6.000000000000000000e+00 -1.000000000000000000e+01 9.670000000000000000e+02 4.890000000000000000e+02 -3.000000000000000000e+00 -5.000000000000000000e+00 0.000000000000000000e+00 0.000000000000000000e+00 1.000000000000000000e+00 0.000000000000000000e+00
1.000000000000000000e+00 -5.000000000000000000e+00 6.080000000000000000e+02 1.158000000000000000e+03 -4.000000000000000000e+00 2.000000000000000000e+00 4.020000000000000000e+02 1.117000000000000000e+03 8.000000000000000000e+00 8.000000000000000000e+00 1.117000000000000000e+03 4.020000000000000000e+02 2.000000000000000000e+00 -4.000000000000000000e+00 1.158000000000000000e+03 6.080000000000000000e+02 -5.000000000000000000e+00 1.000000000000000000e+00 0.000000000000000000e+00 0.000000000000000000e+00 1.000000000000000000e+00 0.000000000000000000e+00
-2.000000000000000000e+00 7.000000000000000000e+00 7.660000000000000000e+02 1.395000000000000000e+03 -1.200000000000000000e+01 0.000000000000000000e+00 4.940000000000000000e+02 1.344000000000000000e+03 6.000000000000000000e+00 6.000000000000000000e+00 1.344000000000000000e+03 4.940000000000000000e+02 0.000000000000000000e+00 -1.200000000000000000e+01 1.395000000000000000e+03 7.660000000000000000e+02 7.000000000000000000e+00 -2.000000000000000000e+00 0.000000000000000000e+00 0.000000000000000000e+00 1.000000000000000000e+00 0.000000000000000000e+00
-2.000000000000000000e+00 5.000000000000000000e+00 8.720000000000000000e+02 1.611000000000000000e+03 -1.000000000000000000e+01 6.500000000000000000e+01 5.480000000000000000e+02 1.571000000000000000e+03 0.000000000000000000e+00 0.000000000000000000e+00 1.571000000000000000e+03 5.480000000000000000e+02 6.500000000000000000e+01 -1.000000000000000000e+01 1.611000000000000000e+03 8.720000000000000000e+02 5.000000000000000000e+00 -2.000000000000000000e+00 0.000000000000000000e+00 0.000000000000000000e+00 1.000000000000000000e+00 0.000000000000000000e+00
0.000000000000000000e+00 -9.000000000000000000e+00 9.780000000000000000e+02 1.760000000000000000e+03 -8.000000000000000000e+00 7.400000000000000000e+01 5.690000000000000000e+02 1.719000000000000000e+03 2.000000000000000000e+00 2.000000000000000000e+00 1.719000000000000000e+03 5.690000000000000000e+02 7.400000000000000000e+01 -8.000000000000000000e+00 1.760000000000000000e+03 9.780000000000000000e+02 -9.000000000000000000e+00 0.000000000000000000e+00 0.000000000000000000e+00 0.000000000000000000e+00 1.000000000000000000e+00 0.000000000000000000e+00
-6.000000000000000000e+00 -2.000000000000000000e+00 1.130000000000000000e+03 1.940000000000000000e+03 -1.300000000000000000e+01 1.610000000000000000e+02 6.330000000000000000e+02 1.907000000000000000e+03 2.000000000000000000e+00 2.000000000000000000e+00 1.907000000000000000e+03 6.330000000000000000e+02 1.610000000000000000e+02 -1.300000000000000000e+01 1.940000000000000000e+03 1.130000000000000000e+03 -2.000000000000000000e+00 -6.000000000000000000e+00 0.000000000000000000e+00 0.000000000000000000e+00 1.000000000000000000e+00 0.000000000000000000e+00
-1.300000000000000000e+01 1.000000000000000000e+00 1.342000000000000000e+03 2.235000000000000000e+03 -1.200000000000000000e+01 3.770000000000000000e+02 7.190000000000000000e+02 2.228000000000000000e+03 4.000000000000000000e+00 4.000000000000000000e+00 2.228000000000000000e+03 7.190000000000000000e+02 3.770000000000000000e+02 -1.200000000000000000e+01 2.235000000000000000e+03 1.342000000000000000e+03 1.000000000000000000e+00 -1.300000000000000000e+01 0.000000000000000000e+00 0.000000000000000000e+00 1.000000000000000000e+00 0.000000000000000000e+00
-5.000000000000000000e+00 -1.000000000000000000e+00 1.598000000000000000e+03 2.625000000000000000e+03 -1.200000000000000000e+01 6.730000000000000000e+02 8.170000000000000000e+02 2.617000000000000000e+03 1.100000000000000000e+01 1.100000000000000000e+01 2.617000000000000000e+03 8.170000000000000000e+02 6.730000000000000000e+02 -1.200000000000000000e+01 2.625000000000000000e+03 1.598000000000000000e+03 -1.000000000000000000e+00 -5.000000000000000000e+00 0.000000000000000000e+00 0.000000000000000000e+00 1.000000000000000000e+00 0.000000000000000000e+00
-1.000000000000000000e+01 0.000000000000000000e+00 1.949000000000000000e+03 3.106000000000000000e+03 3.300000000000000000e+01 1.025000000000000000e+03 1.005000000000000000e+03 3.124000000000000000e+03 2.000000000000000000e+00 2.000000000000000000e+00 3.124000000000000000e+03 1.005000000000000000e+03 1.025000000000000000e+03 3.300000000000000000e+01 3.106000000000000000e+03 1.949000000000000000e+03 0.000000000000000000e+00 -1.000000000000000000e+01 0.000000000000000000e+00 0.000000000000000000e+00 1.000000000000000000e+00 0.000000000000000000e+00
2.300000000000000000e+01 -6.000000000000000000e+00 2.350000000000000000e+03 3.702000000000000000e+03 4.400000000000000000e+01 1.444000000000000000e+03 1.153000000000000000e+03 3.744000000000000000e+03 9.100000000000000000e+01 9.100000000000000000e+01 3.744000000000000000e+03 1.153000000000000000e+03 1.444000000000000000e+03 4.400000000000000000e+01 3.702000000000000000e+03 2.350000000000000000e+03 -6.000000000000000000e+00 2.300000000000000000e+01 0.000000000000000000e+00 0.000000000000000000e+00 1.000000000000000000e+00 0.000000000000000000e+00
2.620000000000000000e+02 1.000000000000000000e+00 2.702000000000000000e+03 4.377000000000000000e+03 -7.000000000000000000e+00 1.972000000000000000e+03 1.234000000000000000e+03 4.421000000000000000e+03 2.610000000000000000e+02 2.610000000000000000e+02 4.421000000000000000e+03 1.234000000000000000e+03 1.972000000000000000e+03 -7.000000000000000000e+00 4.377000000000000000e+03 2.702000000000000000e+03 1.000000000000000000e+00 2.620000000000000000e+02 0.000000000000000000e+00 0.000000000000000000e+00 1.000000000000000000e+00 0.000000000000000000e+00
6.120000000000000000e+02 5.000000000000000000e+00 2.850000000000000000e+03 4.811000000000000000e+03 -7.000000000000000000e+00 2.435000000000000000e+03 1.119000000000000000e+03 4.899000000000000000e+03 3.430000000000000000e+02 3.430000000000000000e+02 4.899000000000000000e+03 1.119000000000000000e+03 2.435000000000000000e+03 -7.000000000000000000e+00 4.811000000000000000e+03 2.850000000000000000e+03 5.000000000000000000e+00 6.120000000000000000e+02 0.000000000000000000e+00 0.000000000000000000e+00 1.000000000000000000e+00 0.000000000000000000e+00
8.830000000000000000e+02 -1.000000000000000000e+01 2.882000000000000000e+03 4.979000000000000000e+03 -1.200000000000000000e+01 2.606000000000000000e+03 1.076000000000000000e+03 5.096000000000000000e+03 3.540000000000000000e+02 3.540000000000000000e+02 5.096000000000000000e+03 1.076000000000000000e+03 2.606000000000000000e+03 -1.200000000000000000e+01 4.979000000000000000e+03 2.882000000000000000e+03 -1.000000000000000000e+01 8.830000000000000000e+02 0.000000000000000000e+00 0.000000000000000000e+00 1.000000000000000000e+00 0.000000000000000000e+00
9.070000000000000000e+02 -4.000000000000000000e+00 2.906000000000000000e+03 5.010000000000000000e+03 -8.000000000000000000e+00 2.597000000000000000e+03 1.116000000000000000e+03 5.121000000000000000e+03 3.590000000000000000e+02 3.590000000000000000e+02 5.121000000000000000e+03 1.116000000000000000e+03 2.597000000000000000e+03 -8.000000000000000000e+00 5.010000000000000000e+03 2.906000000000000000e+03 -4.000000000000000000e+00 9.070000000000000000e+02 0.000000000000000000e+00 0.000000000000000000e+00 1.000000000000000000e+00 0.000000000000000000e+00
8.830000000000000000e+02 -1.000000000000000000e+01 2.908000000000000000e+03 5.040000000000000000e+03 -1.000000000000000000e+01 2.520000000000000000e+03 1.119000000000000000e+03 5.128000000000000000e+03 3.750000000000000000e+02 3.750000000000000000e+02 5.128000000000000000e+03 1.119000000000000000e+03 2.520000000000000000e+03 -1.000000000000000000e+01 5.040000000000000000e+03 2.908000000000000000e+03 -1.000000000000000000e+01 8.830000000000000000e+02 0.000000000000000000e+00 0.000000000000000000e+00 1.000000000000000000e+00 0.000000000000000000e+00
8.440000000000000000e+02 -3.000000000000000000e+00 2.902000000000000000e+03 5.034000000000000000e+03 -1.100000000000000000e+01 2.457000000000000000e+03 1.101000000000000000e+03 5.111000000000000000e+03 3.980000000000000000e+02 3.980000000000000000e+02 5.111000000000000000e+03 1.101000000000000000e+03 2.457000000000000000e+03 -1.100000000000000000e+01 5.034000000000000000e+03 2.902000000000000000e+03 -3.000000000000000000e+00 8.440000000000000000e+02 0.000000000000000000e+00 0.000000000000000000e+00 1.000000000000000000e+00 0.000000000000000000e+00
8.050000000000000000e+02 -7.000000000000000000e+00 2.896000000000000000e+03 5.022000000000000000e+03 -1.300000000000000000e+01 2.402000000000000000e+03 1.086000000000000000e+03 5.094000000000000000e+03 4.190000000000000000e+02 4.190000000000000000e+02 5.094000000000000000e+03 1.086000000000000000e+03 2.402000000000000000e+03 -1.300000000000000000e+01 5.022000000000000000e+03 2.896000000000000000e+03 -7.000000000000000000e+00 8.050000000000000000e+02 0.000000000000000000e+00 0.000000000000000000e+00 1.000000000000000000e+00 0.000000000000000000e+00
7.720000000000000000e+02 -1.200000000000000000e+01 2.879000000000000000e+03 5.011000000000000000e+03 -7.000000000000000000e+00 2.349000000000000000e+03 1.080000000000000000e+03 5.058000000000000000e+03 4.310000000000000000e+02 4.310000000000000000e+02 5.058000000000000000e+03 1.080000000000000000e+03 2.349000000000000000e+03 -7.000000000000000000e+00 5.011000000000000000e+03 2.879000000000000000e+03 -1.200000000000000000e+01 7.720000000000000000e+02 0.000000000000000000e+00 0.000000000000000000e+00 1.000000000000000000e+00 0.000000000000000000e+00
7.420000000000000000e+02 -9.000000000000000000e+00 2.797000000000000000e+03 4.935000000000000000e+03 -1.600000000000000000e+01 2.255000000000000000e+03 1.075000000000000000e+03 4.934000000000000000e+03 4.340000000000000000e+02 4.340000000000000000e+02 4.934000000000000000e+03 1.075000000000000000e+03 2.255000000000000000e+03 -1.600000000000000000e+01 4.935000000000000000e+03 2.797000000000000000e+03 -9.000000000000000000e+00 7.420000000000000000e+02 0.000000000000000000e+00 0.000000000000000000e+00 1.000000000000000000e+00 0.000000000000000000e+00
7.020000000000000000e+02 -4.000000000000000000e+00 2.725000000000000000e+03 4.787000000000000000e+03 -6.000000000000000000e+00 2.164000000000000000e+03 1.121000000000000000e+03 4.777000000000000000e+03 4.930000000000000000e+02 4.930000000000000000e+02 4.777000000000000000e+03 1.121000000000000000e+03 2.164000000000000000e+03 -6.000000000000000000e+00 4.787000000000000000e+03 2.725000000000000000e+03 -4.000000000000000000e+00 7.020000000000000000e+02 0.000000000000000000e+00 0.000000000000000000e+00 1.000000000000000000e+00 0.000000000000000000e+00
6.670000000000000000e+02 -1.000000000000000000e+00 2.628000000000000000e+03 4.629000000000000000e+03 1.900000000000000000e+01 2.090000000000000000e+03 1.219000000000000000e+03 4.604000000000000000e+03 5.760000000000000000e+02 5.760000000000000000e+02 4.604000000000000000e+03 1.219000000000000000e+03 2.090000000000000000e+03 1.900000000000000000e+01 4.629000000000000000e+03 2.628000000000000000e+03 -1.000000000000000000e+00 6.670000000000000000e+02 0.000000000000000000e+00 0.000000000000000000e+00 1.000000000000000000e+00 0.000000000000000000e+00
6.460000000000000000e+02 -4.000000000000000000e+00 2.576000000000000000e+03 4.478000000000000000e+03 1.600000000000000000e+02 2.035000000000000000e+03 1.315000000000000000e+03 4.463000000000000000e+03 6.500000000000000000e+02 6.500000000000000000e+02 4.463000000000000000e+03 1.315000000000000000e+03 2.035000000000000000e+03 1.600000000000000000e+02 4.478000000000000000e+03 2.576000000000000000e+03 -4.000000000000000000e+00 6.460000000000000000e+02 0.000000000000000000e+00 0.000000000000000000e+00 1.000000000000000000e+00 0.000000000000000000e+00
6.240000000000000000e+02 -1.000000000000000000e+00 2.543000000000000000e+03 4.403000000000000000e+03 2.220000000000000000e+02 2.015000000000000000e+03 1.357000000000000000e+03 4.389000000000000000e+03 6.670000000000000000e+02 6.670000000000000000e+02 4.389000000000000000e+03 1.357000000000000000e+03 2.015000000000000000e+03 2.220000000000000000e+02 4.403000000000000000e+03 2.543000000000000000e+03 -1.000000000000000000e+00 6.240000000000000000e+02 0.000000000000000000e+00 0.000000000000000000e+00 1.000000000000000000e+00 0.000000000000000000e+00
6.250000000000000000e+02 6.000000000000000000e+00 2.537000000000000000e+03 4.367000000000000000e+03 2.380000000000000000e+02 2.026000000000000000e+03 1.378000000000000000e+03 4.372000000000000000e+03 6.500000000000000000e+02 6.500000000000000000e+02 4.372000000000000000e+03 1.378000000000000000e+03 2.026000000000000000e+03 2.380000000000000000e+02 4.367000000000000000e+03 2.537000000000000000e+03 6.000000000000000000e+00 6.250000000000000000e+02 0.000000000000000000e+00 0.000000000000000000e+00 1.000000000000000000e+00 0.000000000000000000e+00
6.370000000000000000e+02 4.000000000000000000e+00 2.535000000000000000e+03 4.369000000000000000e+03 2.220000000000000000e+02 2.037000000000000000e+03 1.376000000000000000e+03 4.376000000000000000e+03 6.130000000000000000e+02 6.130000000000000000e+02 4.376000000000000000e+03 1.376000000000000000e+03 2.037000000000000000e+03 2.220000000000000000e+02 4.369000000000000000e+03 2.535000000000000000e+03 4.000000000000000000e+00 6.370000000000000000e+02 0.000000000000000000e+00 0.000000000000000000e+00 1.000000000000000000e+00 0.000000000000000000e+00
6.490000000000000000e+02 8.000000000000000000e+00 2.534000000000000000e+03 4.369000000000000000e+03 2.170000000000000000e+02 2.047000000000000000e+03 1.378000000000000000e+03 4.379000000000000000e+03 5.900000000000000000e+02 5.900000000000000000e+02 4.379000000000000000e+03 1.378000000000000000e+03 2.047000000000000000e+03 2.170000000000000000e+02 4.369000000000000000e+03 2.534000000000000000e+03 8.000000000000000000e+00 6.490000000000000000e+02 0.000000000000000000e+00 0.000000000000000000e+00 1.000000000000000000e+00 0.000000000000000000e+00
6.500000000000000000e+02 8.000000000000000000e+00 2.536000000000000000e+03 4.369000000000000000e+03 2.190000000000000000e+02 2.045000000000000000e+03 1.380000000000000000e+03 4.377000000000000000e+03 5.950000000000000000e+02 5.950000000000000000e+02 4.377000000000000000e+03 1.380000000000000000e+03 2.045000000000000000e+03 2.190000000000000000e+02 4.369000000000000000e+03 2.536000000000000000e+03 8.000000000000000000e+00 6.500000000000000000e+02 0.000000000000000000e+00 0.000000000000000000e+00 1.000000000000000000e+00 0.000000000000000000e+00
6.440000000000000000e+02 8.000000000000000000e+00 2.537000000000000000e+03 4.364000000000000000e+03 2.240000000000000000e+02 2.034000000000000000e+03 1.376000000000000000e+03 4.375000000000000000e+03 6.030000000000000000e+02 6.030000000000000000e+02 4.375000000000000000e+03 1.376000000000000000e+03 2.034000000000000000e+03 2.240000000000000000e+02 4.364000000000000000e+03 2.537000000000000000e+03 8.000000000000000000e+00 6.440000000000000000e+02 0.000000000000000000e+00 0.000000000000000000e+00 1.000000000000000000e+00 0.000000000000000000e+00
6.330000000000000000e+02 1.100000000000000000e+01 2.527000000000000000e+03 4.360000000000000000e+03 2.240000000000000000e+02 2.022000000000000000e+03 1.377000000000000000e+03 4.363000000000000000e+03 5.910000000000000000e+02 5.910000000000000000e+02 4.363000000000000000e+03 1.377000000000000000e+03 2.022000000000000000e+03 2.240000000000000000e+02 4.360000000000000000e+03 2.527000000000000000e+03 1.100000000000000000e+01 6.330000000000000000e+02 0.000000000000000000e+00 0.000000000000000000e+00 1.000000000000000000e+00 0.000000000000000000e+00
6.260000000000000000e+02 0.000000000000000000e+00 2.508000000000000000e+03 4.343000000000000000e+03 2.270000000000000000e+02 2.018000000000000000e+03 1.379000000000000000e+03 4.340000000000000000e+03 5.810000000000000000e+02 5.810000000000000000e+02 4.340000000000000000e+03 1.379000000000000000e+03 2.018000000000000000e+03 2.270000000000000000e+02 4.343000000000000000e+03 2.508000000000000000e+03 0.000000000000000000e+00 6.260000000000000000e+02 0.000000000000000000e+00 0.000000000000000000e+00 1.000000000000000000e+00 0.000000000000000000e+00
6.210000000000000000e+02 6.000000000000000000e+00 2.506000000000000000e+03 4.324000000000000000e+03 2.330000000000000000e+02 2.009000000000000000e+03 1.377000000000000000e+03 4.328000000000000000e+03 5.640000000000000000e+02 5.640000000000000000e+02 4.328000000000000000e+03 1.377000000000000000e+03 2.009000000000000000e+03 2.330000000000000000e+02 4.324000000000000000e+03 2.506000000000000000e+03 6.000000000000000000e+00 6.210000000000000000e+02 0.000000000000000000e+00 0.000000000000000000e+00 1.000000000000000000e+00 0.000000000000000000e+00
6.210000000000000000e+02 5.000000000000000000e+00 2.499000000000000000e+03 4.318000000000000000e+03 2.360000000000000000e+02 2.011000000000000000e+03 1.376000000000000000e+03 4.318000000000000000e+03 5.630000000000000000e+02 5.630000000000000000e+02 4.318000000000000000e+03 1.376000000000000000e+03 2.011000000000000000e+03 2.360000000000000000e+02 4.318000000000000000e+03 2.499000000000000000e+03 5.000000000000000000e+00 6.210000000000000000e+02 0.000000000000000000e+00 0.000000000000000000e+00 1.000000000000000000e+00 0.000000000000000000e+00
6.270000000000000000e+02 -3.000000000000000000e+00 2.499000000000000000e+03 4.313000000000000000e+03 2.380000000000000000e+02 2.013000000000000000e+03 1.381000000000000000e+03 4.310000000000000000e+03 5.590000000000000000e+02 5.590000000000000000e+02 4.310000000000000000e+03 1.381000000000000000e+03 2.013000000000000000e+03 2.380000000000000000e+02 4.313000000000000000e+03 2.499000000000000000e+03 -3.000000000000000000e+00 6.270000000000000000e+02 0.000000000000000000e+00 0.000000000000000000e+00 1.000000000000000000e+00 0.000000000000000000e+00
6.160000000000000000e+02 7.000000000000000000e+00 2.497000000000000000e+03 4.311000000000000000e+03 2.410000000000000000e+02 2.009000000000000000e+03 1.382000000000000000e+03 4.310000000000000000e+03 5.510000000000000000e+02 5.510000000000000000e+02 4.310000000000000000e+03 1.382000000000000000e+03 2.009000000000000000e+03 2.410000000000000000e+02 4.311000000000000000e+03 2.497000000000000000e+03 7.000000000000000000e+00 6.160000000000000000e+02 0.000000000000000000e+00 0.000000000000000000e+00 1.000000000000000000e+00 0.000000000000000000e+00
6.210000000000000000e+02 1.800000000000000000e+01 2.487000000000000000e+03 4.297000000000000000e+03 2.410000000000000000e+02 1.999000000000000000e+03 1.377000000000000000e+03 4.293000000000000000e+03 5.540000000000000000e+02 5.540000000000000000e+02 4.293000000000000000e+03 1.377000000000000000e+03 1.999000000000000000e+03 2.410000000000000000e+02 4.297000000000000000e+03 2.487000000000000000e+03 1.800000000000000000e+01 6.210000000000000000e+02 0.000000000000000000e+00 0.000000000000000000e+00 1.000000000000000000e+00 0.000000000000000000e+00
6.150000000000000000e+02 1.000000000000000000e+00 2.459000000000000000e+03 4.270000000000000000e+03 2.520000000000000000e+02 1.977000000000000000e+03 1.376000000000000000e+03 4.260000000000000000e+03 5.600000000000000000e+02 5.600000000000000000e+02 4.260000000000000000e+03 1.376000000000000000e+03 1.977000000000000000e+03 2.520000000000000000e+02 4.270000000000000000e+03 2.459000000000000000e+03 1.000000000000000000e+00 6.150000000000000000e+02 0.000000000000000000e+00 0.000000000000000000e+00 1.000000000000000000e+00 0.000000000000000000e+00
6.040000000000000000e+02 -7.000000000000000000e+00 2.397000000000000000e+03 4.212000000000000000e+03 3.000000000000000000e+02 1.921000000000000000e+03 1.383000000000000000e+03 4.166000000000000000e+03 5.970000000000000000e+02 5.970000000000000000e+02 4.166000000000000000e+03 1.383000000000000000e+03 1.921000000000000000e+03 3.000000000000000000e+02 4.212000000000000000e+03 2.397000000000000000e+03 -7.000000000000000000e+00 6.040000000000000000e+02 0.000000000000000000e+00 0.000000000000000000e+00 1.000000000000000000e+00 0.000000000000000000e+00
5.800000000000000000e+02 -6.000000000000000000e+00 2.260000000000000000e+03 4.029000000000000000e+03 4.530000000000000000e+02 1.797000000000000000e+03 1.424000000000000000e+03 3.935000000000000000e+03 6.600000000000000000e+02 6.600000000000000000e+02 3.935000000000000000e+03 1.424000000000000000e+03 1.797000000000000000e+03 4.530000000000000000e+02 4.029000000000000000e+03 2.260000000000000000e+03 -6.000000000000000000e+00 5.800000000000000000e+02 0.000000000000000000e+00 0.000000000000000000e+00 1.000000000000000000e+00 0.000000000000000000e+00
4.570000000000000000e+02 3.000000000000000000e+00 1.677000000000000000e+03 3.096000000000000000e+03 1.022000000000000000e+03 1.269000000000000000e+03 1.596000000000000000e+03 2.806000000000000000e+03 8.240000000000000000e+02 8.240000000000000000e+02 2.806000000000000000e+03 1.596000000000000000e+03 1.269000000000000000e+03 1.022000000000000000e+03 3.096000000000000000e+03 1.677000000000000000e+03 3.000000000000000000e+00 4.570000000000000000e+02 0.000000000000000000e+00 0.000000000000000000e+00 1.000000000000000000e+00 0.000000000000000000e+00
3.880000000000000000e+02 1.500000000000000000e+01 1.296000000000000000e+03 2.401000000000000000e+03 1.191000000000000000e+03 9.260000000000000000e+02 1.575000000000000000e+03 2.074000000000000000e+03 8.860000000000000000e+02 8.860000000000000000e+02 2.074000000000000000e+03 1.575000000000000000e+03 9.260000000000000000e+02 1.191000000000000000e+03 2.401000000000000000e+03 1.296000000000000000e+03 1.500000000000000000e+01 3.880000000000000000e+02 0.000000000000000000e+00 0.000000000000000000e+00 1.000000000000000000e+00 0.000000000000000000e+00
2.950000000000000000e+02 5.000000000000000000e+00 9.330000000000000000e+02 1.739000000000000000e+03 1.191000000000000000e+03 5.900000000000000000e+02 1.437000000000000000e+03 1.404000000000000000e+03 8.120000000000000000e+02 8.120000000000000000e+02 1.404000000000000000e+03 1.437000000000000000e+03 5.900000000000000000e+02 1.191000000000000000e+03 1.739000000000000000e+03 9.330000000000000000e+02 5.000000000000000000e+00 2.950000000000000000e+02 0.000000000000000000e+00 0.000000000000000000e+00 1.000000000000000000e+00 0.000000000000000000e+00
1.940000000000000000e+02 1.200000000000000000e+01 5.890000000000000000e+02 1.186000000000000000e+03 9.720000000000000000e+02 2.980000000000000000e+02 1.185000000000000000e+03 9.180000000000000000e+02 6.460000000000000000e+02 6.460000000000000000e+02 9.180000000000000000e+02 1.185000000000000000e+03 2.980000000000000000e+02 9.720000000000000000e+02 1.186000000000000000e+03 5.890000000000000000e+02 1.200000000000000000e+01 1.940000000000000000e+02 0.000000000000000000e+00 0.000000000000000000e+00 1.000000000000000000e+00 0.000000000000000000e+00
