3.440000000000000000e+02 1.630000000000000000e+02 2.900000000000000000e+02 8.000000000000000000e+01 1.048000000000000000e+03 6.400000000000000000e+01 3.070000000000000000e+02 3.340000000000000000e+02 3.580000000000000000e+02 0.000000000000000000e+00 0.000000000000000000e+00 1.000000000000000000e+00
3.440000000000000000e+02 1.630000000000000000e+02 2.900000000000000000e+02 8.000000000000000000e+01 1.048000000000000000e+03 6.400000000000000000e+01 3.070000000000000000e+02 3.340000000000000000e+02 3.580000000000000000e+02 0.000000000000000000e+00 0.000000000000000000e+00 1.000000000000000000e+00
3.490000000000000000e+02 1.630000000000000000e+02 2.880000000000000000e+02 7.000000000000000000e+01 1.050000000000000000e+03 6.700000000000000000e+01 3.050000000000000000e+02 3.340000000000000000e+02 3.610000000000000000e+02 0.000000000000000000e+00 0.000000000000000000e+00 1.000000000000000000e+00
3.490000000000000000e+02 1.630000000000000000e+02 2.880000000000000000e+02 7.000000000000000000e+01 1.050000000000000000e+03 6.700000000000000000e+01 3.050000000000000000e+02 3.340000000000000000e+02 3.610000000000000000e+02 0.000000000000000000e+00 0.000000000000000000e+00 1.000000000000000000e+00
3.490000000000000000e+02 1.630000000000000000e+02 2.880000000000000000e+02 7.000000000000000000e+01 1.050000000000000000e+03 6.700000000000000000e+01 3.050000000000000000e+02 3.340000000000000000e+02 3.610000000000000000e+02 0.000000000000000000e+00 0.000000000000000000e+00 1.000000000000000000e+00
3.490000000000000000e+02 1.630000000000000000e+02 2.880000000000000000e+02 7.000000000000000000e+01 1.050000000000000000e+03 6.700000000000000000e+01 3.050000000000000000e+02 3.340000000000000000e+02 3.610000000000000000e+02 0.000000000000000000e+00 0.000000000000000000e+00 1.000000000000000000e+00
3.490000000000000000e+02 1.630000000000000000e+02 2.880000000000000000e+02 7.000000000000000000e+01 1.050000000000000000e+03 6.700000000000000000e+01 3.050000000000000000e+02 3.340000000000000000e+02 3.610000000000000000e+02 0.000000000000000000e+00 0.000000000000000000e+00 1.000000000000000000e+00
3.490000000000000000e+02 1.630000000000000000e+02 2.880000000000000000e+02 7.000000000000000000e+01 1.050000000000000000e+03 6.700000000000000000e+01 3.050000000000000000e+02 3.340000000000000000e+02 3.610000000000000000e+02 0.000000000000000000e+00 0.000000000000000000e+00 1.000000000000000000e+00
3.410000000000000000e+02 1.630000000000000000e+02 2.980000000000000000e+02 7.100000000000000000e+01 1.047000000000000000e+03 6.600000000000000000e+01 3.110000000000000000e+02 3.350000000000000000e+02 3.480000000000000000e+02 0.000000000000000000e+00 0.000000000000000000e+00 1.000000000000000000e+00
3.410000000000000000e+02 1.630000000000000000e+02 2.980000000000000000e+02 7.100000000000000000e+01 1.047000000000000000e+03 6.600000000000000000e+01 3.110000000000000000e+02 3.350000000000000000e+02 3.480000000000000000e+02 0.000000000000000000e+00 0.000000000000000000e+00 1.000000000000000000e+00
3.410000000000000000e+02 1.630000000000000000e+02 2.980000000000000000e+02 7.100000000000000000e+01 1.047000000000000000e+03 6.600000000000000000e+01 3.110000000000000000e+02 3.350000000000000000e+02 3.480000000000000000e+02 0.000000000000000000e+00 0.000000000000000000e+00 1.000000000000000000e+00
3.410000000000000000e+02 1.630000000000000000e+02 2.980000000000000000e+02 7.100000000000000000e+01 1.047000000000000000e+03 6.600000000000000000e+01 3.110000000000000000e+02 3.350000000000000000e+02 3.480000000000000000e+02 0.000000000000000000e+00 0.000000000000000000e+00 1.000000000000000000e+00
3.410000000000000000e+02 1.630000000000000000e+02 2.980000000000000000e+02 7.100000000000000000e+01 1.047000000000000000e+03 6.600000000000000000e+01 3.110000000000000000e+02 3.350000000000000000e+02 3.480000000000000000e+02 0.000000000000000000e+00 0.000000000000000000e+00 1.000000000000000000e+00
3.410000000000000000e+02 1.630000000000000000e+02 2.980000000000000000e+02 7.100000000000000000e+01 1.047000000000000000e+03 6.600000000000000000e+01 3.110000000000000000e+02 3.350000000000000000e+02 3.480000000000000000e+02 0.000000000000000000e+00 0.000000000000000000e+00 1.000000000000000000e+00
3.400000000000000000e+02 1.600000000000000000e+02 2.960000000000000000e+02 6.800000000000000000e+01 1.047000000000000000e+03 6.900000000000000000e+01 3.080000000000000000e+02 3.370000000000000000e+02 3.450000000000000000e+02 0.000000000000000000e+00 0.000000000000000000e+00 1.000000000000000000e+00
3.400000000000000000e+02 1.600000000000000000e+02 2.960000000000000000e+02 6.800000000000000000e+01 1.047000000000000000e+03 6.900000000000000000e+01 3.080000000000000000e+02 3.370000000000000000e+02 3.450000000000000000e+02 0.000000000000000000e+00 0.000000000000000000e+00 1.000000000000000000e+00
3.400000000000000000e+02 1.600000000000000000e+02 2.960000000000000000e+02 6.800000000000000000e+01 1.047000000000000000e+03 6.900000000000000000e+01 3.080000000000000000e+02 3.370000000000000000e+02 3.450000000000000000e+02 0.000000000000000000e+00 0.000000000000000000e+00 1.000000000000000000e+00
3.400000000000000000e+02 1.600000000000000000e+02 2.960000000000000000e+02 6.800000000000000000e+01 1.047000000000000000e+03 6.900000000000000000e+01 3.080000000000000000e+02 3.370000000000000000e+02 3.450000000000000000e+02 0.000000000000000000e+00 0.000000000000000000e+00 1.000000000000000000e+00
3.400000000000000000e+02 1.600000000000000000e+02 2.960000000000000000e+02 6.800000000000000000e+01 1.047000000000000000e+03 6.900000000000000000e+01 3.080000000000000000e+02 3.370000000000000000e+02 3.450000000000000000e+02 0.000000000000000000e+00 0.000000000000000000e+00 1.000000000000000000e+00
3.400000000000000000e+02 1.600000000000000000e+02 2.960000000000000000e+02 6.800000000000000000e+01 1.047000000000000000e+03 6.900000000000000000e+01 3.080000000000000000e+02 3.370000000000000000e+02 3.450000000000000000e+02 0.000000000000000000e+00 0.000000000000000000e+00 1.000000000000000000e+00
3.400000000000000000e+02 1.600000000000000000e+02 2.960000000000000000e+02 6.800000000000000000e+01 1.047000000000000000e+03 6.900000000000000000e+01 3.080000000000000000e+02 3.370000000000000000e+02 3.450000000000000000e+02 0.000000000000000000e+00 0.000000000000000000e+00 1.000000000000000000e+00
3.380000000000000000e+02 1.590000000000000000e+02 3.000000000000000000e+02 6.900000000000000000e+01 1.047000000000000000e+03 7.700000000000000000e+01 3.080000000000000000e+02 3.420000000000000000e+02 3.450000000000000000e+02 0.000000000000000000e+00 0.000000000000000000e+00 1.000000000000000000e+00
3.380000000000000000e+02 1.590000000000000000e+02 3.000000000000000000e+02 6.900000000000000000e+01 1.047000000000000000e+03 7.700000000000000000e+01 3.080000000000000000e+02 3.420000000000000000e+02 3.450000000000000000e+02 0.000000000000000000e+00 0.000000000000000000e+00 1.000000000000000000e+00
3.380000000000000000e+02 1.590000000000000000e+02 3.000000000000000000e+02 6.900000000000000000e+01 1.047000000000000000e+03 7.700000000000000000e+01 3.080000000000000000e+02 3.420000000000000000e+02 3.450000000000000000e+02 0.000000000000000000e+00 0.000000000000000000e+00 1.000000000000000000e+00
3.380000000000000000e+02 1.590000000000000000e+02 3.000000000000000000e+02 6.900000000000000000e+01 1.047000000000000000e+03 7.700000000000000000e+01 3.080000000000000000e+02 3.420000000000000000e+02 3.450000000000000000e+02 0.000000000000000000e+00 0.000000000000000000e+00 1.000000000000000000e+00
3.380000000000000000e+02 1.590000000000000000e+02 3.000000000000000000e+02 6.900000000000000000e+01 1.047000000000000000e+03 7.700000000000000000e+01 3.080000000000000000e+02 3.420000000000000000e+02 3.450000000000000000e+02 0.000000000000000000e+00 0.000000000000000000e+00 1.000000000000000000e+00
3.380000000000000000e+02 1.590000000000000000e+02 3.000000000000000000e+02 6.900000000000000000e+01 1.047000000000000000e+03 7.700000000000000000e+01 3.080000000000000000e+02 3.420000000000000000e+02 3.450000000000000000e+02 0.000000000000000000e+00 0.000000000000000000e+00 1.000000000000000000e+00
3.140000000000000000e+02 1.620000000000000000e+02 3.680000000000000000e+02 6.200000000000000000e+01 1.069000000000000000e+03 8.600000000000000000e+01 3.120000000000000000e+02 3.930000000000000000e+02 2.850000000000000000e+02 0.000000000000000000e+00 0.000000000000000000e+00 1.000000000000000000e+00
3.140000000000000000e+02 1.620000000000000000e+02 3.680000000000000000e+02 6.200000000000000000e+01 1.069000000000000000e+03 8.600000000000000000e+01 3.120000000000000000e+02 3.930000000000000000e+02 2.850000000000000000e+02 0.000000000000000000e+00 0.000000000000000000e+00 1.000000000000000000e+00
3.140000000000000000e+02 1.620000000000000000e+02 3.680000000000000000e+02 6.200000000000000000e+01 1.069000000000000000e+03 8.600000000000000000e+01 3.120000000000000000e+02 3.930000000000000000e+02 2.850000000000000000e+02 0.000000000000000000e+00 0.000000000000000000e+00 1.000000000000000000e+00
3.140000000000000000e+02 1.620000000000000000e+02 3.680000000000000000e+02 6.200000000000000000e+01 1.069000000000000000e+03 8.600000000000000000e+01 3.120000000000000000e+02 3.930000000000000000e+02 2.850000000000000000e+02 0.000000000000000000e+00 0.000000000000000000e+00 1.000000000000000000e+00
3.140000000000000000e+02 1.620000000000000000e+02 3.680000000000000000e+02 6.200000000000000000e+01 1.069000000000000000e+03 8.600000000000000000e+01 3.120000000000000000e+02 3.930000000000000000e+02 2.850000000000000000e+02 0.000000000000000000e+00 0.000000000000000000e+00 1.000000000000000000e+00
3.140000000000000000e+02 1.620000000000000000e+02 3.680000000000000000e+02 6.200000000000000000e+01 1.069000000000000000e+03 8.600000000000000000e+01 3.120000000000000000e+02 3.930000000000000000e+02 2.850000000000000000e+02 0.000000000000000000e+00 0.000000000000000000e+00 1.000000000000000000e+00
3.140000000000000000e+02 1.620000000000000000e+02 3.680000000000000000e+02 6.200000000000000000e+01 1.069000000000000000e+03 8.600000000000000000e+01 3.120000000000000000e+02 3.930000000000000000e+02 2.850000000000000000e+02 0.000000000000000000e+00 0.000000000000000000e+00 1.000000000000000000e+00
2.730000000000000000e+02 1.610000000000000000e+02 4.150000000000000000e+02 5.200000000000000000e+01 1.070000000000000000e+03 1.030000000000000000e+02 3.130000000000000000e+02 4.480000000000000000e+02 2.210000000000000000e+02 0.000000000000000000e+00 0.000000000000000000e+00 1.000000000000000000e+00
2.730000000000000000e+02 1.610000000000000000e+02 4.150000000000000000e+02 5.200000000000000000e+01 1.070000000000000000e+03 1.030000000000000000e+02 3.130000000000000000e+02 4.480000000000000000e+02 2.210000000000000000e+02 0.000000000000000000e+00 0.000000000000000000e+00 1.000000000000000000e+00
2.730000000000000000e+02 1.610000000000000000e+02 4.150000000000000000e+02 5.200000000000000000e+01 1.070000000000000000e+03 1.030000000000000000e+02 3.130000000000000000e+02 4.480000000000000000e+02 2.210000000000000000e+02 0.000000000000000000e+00 0.000000000000000000e+00 1.000000000000000000e+00
2.730000000000000000e+02 1.610000000000000000e+02 4.150000000000000000e+02 5.200000000000000000e+01 1.070000000000000000e+03 1.030000000000000000e+02 3.130000000000000000e+02 4.480000000000000000e+02 2.210000000000000000e+02 0.000000000000000000e+00 0.000000000000000000e+00 1.000000000000000000e+00
2.730000000000000000e+02 1.610000000000000000e+02 4.150000000000000000e+02 5.200000000000000000e+01 1.070000000000000000e+03 1.030000000000000000e+02 3.130000000000000000e+02 4.480000000000000000e+02 2.210000000000000000e+02 0.000000000000000000e+00 0.000000000000000000e+00 1.000000000000000000e+00
2.730000000000000000e+02 1.610000000000000000e+02 4.150000000000000000e+02 5.200000000000000000e+01 1.070000000000000000e+03 1.030000000000000000e+02 3.130000000000000000e+02 4.480000000000000000e+02 2.210000000000000000e+02 0.000000000000000000e+00 0.000000000000000000e+00 1.000000000000000000e+00
3.430000000000000000e+02 1.580000000000000000e+02 3.130000000000000000e+02 9.900000000000000000e+01 1.001000000000000000e+03 2.450000000000000000e+02 3.400000000000000000e+02 4.020000000000000000e+02 2.240000000000000000e+02 0.000000000000000000e+00 0.000000000000000000e+00 1.000000000000000000e+00
3.430000000000000000e+02 1.580000000000000000e+02 3.130000000000000000e+02 9.900000000000000000e+01 1.001000000000000000e+03 2.450000000000000000e+02 3.400000000000000000e+02 4.020000000000000000e+02 2.240000000000000000e+02 0.000000000000000000e+00 0.000000000000000000e+00 1.000000000000000000e+00
3.430000000000000000e+02 1.580000000000000000e+02 3.130000000000000000e+02 9.900000000000000000e+01 1.001000000000000000e+03 2.450000000000000000e+02 3.400000000000000000e+02 4.020000000000000000e+02 2.240000000000000000e+02 0.000000000000000000e+00 0.000000000000000000e+00 1.000000000000000000e+00
3.430000000000000000e+02 1.580000000000000000e+02 3.130000000000000000e+02 9.900000000000000000e+01 1.001000000000000000e+03 2.450000000000000000e+02 3.400000000000000000e+02 4.020000000000000000e+02 2.240000000000000000e+02 0.000000000000000000e+00 0.000000000000000000e+00 1.000000000000000000e+00
3.430000000000000000e+02 1.580000000000000000e+02 3.130000000000000000e+02 9.900000000000000000e+01 1.001000000000000000e+03 2.450000000000000000e+02 3.400000000000000000e+02 4.020000000000000000e+02 2.240000000000000000e+02 0.000000000000000000e+00 0.000000000000000000e+00 1.000000000000000000e+00
3.430000000000000000e+02 1.580000000000000000e+02 3.130000000000000000e+02 9.900000000000000000e+01 1.001000000000000000e+03 2.450000000000000000e+02 3.400000000000000000e+02 4.020000000000000000e+02 2.240000000000000000e+02 0.000000000000000000e+00 0.000000000000000000e+00 1.000000000000000000e+00
3.270000000000000000e+02 1.540000000000000000e+02 3.150000000000000000e+02 7.900000000000000000e+01 8.250000000000000000e+02 6.070000000000000000e+02 3.160000000000000000e+02 5.740000000000000000e+02 7.700000000000000000e+01 0.000000000000000000e+00 0.000000000000000000e+00 1.000000000000000000e+00
3.270000000000000000e+02 1.540000000000000000e+02 3.150000000000000000e+02 7.900000000000000000e+01 8.250000000000000000e+02 6.070000000000000000e+02 3.160000000000000000e+02 5.740000000000000000e+02 7.700000000000000000e+01 0.000000000000000000e+00 0.000000000000000000e+00 1.000000000000000000e+00
3.270000000000000000e+02 1.540000000000000000e+02 3.150000000000000000e+02 7.900000000000000000e+01 8.250000000000000000e+02 6.070000000000000000e+02 3.160000000000000000e+02 5.740000000000000000e+02 7.700000000000000000e+01 0.000000000000000000e+00 0.000000000000000000e+00 1.000000000000000000e+00
3.270000000000000000e+02 1.540000000000000000e+02 3.150000000000000000e+02 7.900000000000000000e+01 8.250000000000000000e+02 6.070000000000000000e+02 3.160000000000000000e+02 5.740000000000000000e+02 7.700000000000000000e+01 0.000000000000000000e+00 0.000000000000000000e+00 1.000000000000000000e+00
3.270000000000000000e+02 1.540000000000000000e+02 3.150000000000000000e+02 7.900000000000000000e+01 8.250000000000000000e+02 6.070000000000000000e+02 3.160000000000000000e+02 5.740000000000000000e+02 7.700000000000000000e+01 0.000000000000000000e+00 0.000000000000000000e+00 1.000000000000000000e+00
3.270000000000000000e+02 1.540000000000000000e+02 3.150000000000000000e+02 7.900000000000000000e+01 8.250000000000000000e+02 6.070000000000000000e+02 3.160000000000000000e+02 5.740000000000000000e+02 7.700000000000000000e+01 0.000000000000000000e+00 0.000000000000000000e+00 1.000000000000000000e+00
3.270000000000000000e+02 1.540000000000000000e+02 3.150000000000000000e+02 7.900000000000000000e+01 8.250000000000000000e+02 6.070000000000000000e+02 3.160000000000000000e+02 5.740000000000000000e+02 7.700000000000000000e+01 0.000000000000000000e+00 0.000000000000000000e+00 1.000000000000000000e+00
3.270000000000000000e+02 1.540000000000000000e+02 3.150000000000000000e+02 7.900000000000000000e+01 8.250000000000000000e+02 6.070000000000000000e+02 3.160000000000000000e+02 5.740000000000000000e+02 7.700000000000000000e+01 0.000000000000000000e+00 0.000000000000000000e+00 1.000000000000000000e+00
2.200000000000000000e+02 1.560000000000000000e+02 2.150000000000000000e+02 6.700000000000000000e+01 3.770000000000000000e+02 6.760000000000000000e+02 2.020000000000000000e+02 4.360000000000000000e+02 7.500000000000000000e+01 0.000000000000000000e+00 0.000000000000000000e+00 1.000000000000000000e+00
2.200000000000000000e+02 1.560000000000000000e+02 2.150000000000000000e+02 6.700000000000000000e+01 3.770000000000000000e+02 6.760000000000000000e+02 2.020000000000000000e+02 4.360000000000000000e+02 7.500000000000000000e+01 0.000000000000000000e+00 0.000000000000000000e+00 1.000000000000000000e+00
2.200000000000000000e+02 1.560000000000000000e+02 2.150000000000000000e+02 6.700000000000000000e+01 3.770000000000000000e+02 6.760000000000000000e+02 2.020000000000000000e+02 4.360000000000000000e+02 7.500000000000000000e+01 0.000000000000000000e+00 0.000000000000000000e+00 1.000000000000000000e+00
2.200000000000000000e+02 1.560000000000000000e+02 2.150000000000000000e+02 6.700000000000000000e+01 3.770000000000000000e+02 6.760000000000000000e+02 2.020000000000000000e+02 4.360000000000000000e+02 7.500000000000000000e+01 0.000000000000000000e+00 0.000000000000000000e+00 1.000000000000000000e+00
2.200000000000000000e+02 1.560000000000000000e+02 2.150000000000000000e+02 6.700000000000000000e+01 3.770000000000000000e+02 6.760000000000000000e+02 2.020000000000000000e+02 4.360000000000000000e+02 7.500000000000000000e+01 0.000000000000000000e+00 0.000000000000000000e+00 1.000000000000000000e+00
3.000000000000000000e+02 1.700000000000000000e+02 1.780000000000000000e+02 8.600000000000000000e+01 2.350000000000000000e+02 9.580000000000000000e+02 3.070000000000000000e+02 4.850000000000000000e+02 9.000000000000000000e+01 0.000000000000000000e+00 0.000000000000000000e+00 1.000000000000000000e+00
3.000000000000000000e+02 1.700000000000000000e+02 1.780000000000000000e+02 8.600000000000000000e+01 2.350000000000000000e+02 9.580000000000000000e+02 3.070000000000000000e+02 4.850000000000000000e+02 9.000000000000000000e+01 0.000000000000000000e+00 0.000000000000000000e+00 1.000000000000000000e+00
3.000000000000000000e+02 1.700000000000000000e+02 1.780000000000000000e+02 8.600000000000000000e+01 2.350000000000000000e+02 9.580000000000000000e+02 3.070000000000000000e+02 4.850000000000000000e+02 9.000000000000000000e+01 0.000000000000000000e+00 0.000000000000000000e+00 1.000000000000000000e+00
3.000000000000000000e+02 1.700000000000000000e+02 1.780000000000000000e+02 8.600000000000000000e+01 2.350000000000000000e+02 9.580000000000000000e+02 3.070000000000000000e+02 4.850000000000000000e+02 9.000000000000000000e+01 0.000000000000000000e+00 0.000000000000000000e+00 1.000000000000000000e+00
3.000000000000000000e+02 1.700000000000000000e+02 1.780000000000000000e+02 8.600000000000000000e+01 2.350000000000000000e+02 9.580000000000000000e+02 3.070000000000000000e+02 4.850000000000000000e+02 9.000000000000000000e+01 0.000000000000000000e+00 0.000000000000000000e+00 1.000000000000000000e+00
3.000000000000000000e+02 1.700000000000000000e+02 1.780000000000000000e+02 8.600000000000000000e+01 2.350000000000000000e+02 9.580000000000000000e+02 3.070000000000000000e+02 4.850000000000000000e+02 9.000000000000000000e+01 0.000000000000000000e+00 0.000000000000000000e+00 1.000000000000000000e+00
3.000000000000000000e+02 1.700000000000000000e+02 1.780000000000000000e+02 8.600000000000000000e+01 2.350000000000000000e+02 9.580000000000000000e+02 3.070000000000000000e+02 4.850000000000000000e+02 9.000000000000000000e+01 0.000000000000000000e+00 0.000000000000000000e+00 1.000000000000000000e+00
2.150000000000000000e+02 1.550000000000000000e+02 1.730000000000000000e+02 6.600000000000000000e+01 2.020000000000000000e+02 7.260000000000000000e+02 2.140000000000000000e+02 3.900000000000000000e+02 8.700000000000000000e+01 0.000000000000000000e+00 0.000000000000000000e+00 1.000000000000000000e+00
2.150000000000000000e+02 1.550000000000000000e+02 1.730000000000000000e+02 6.600000000000000000e+01 2.020000000000000000e+02 7.260000000000000000e+02 2.140000000000000000e+02 3.900000000000000000e+02 8.700000000000000000e+01 0.000000000000000000e+00 0.000000000000000000e+00 1.000000000000000000e+00
2.150000000000000000e+02 1.550000000000000000e+02 1.730000000000000000e+02 6.600000000000000000e+01 2.020000000000000000e+02 7.260000000000000000e+02 2.140000000000000000e+02 3.900000000000000000e+02 8.700000000000000000e+01 0.000000000000000000e+00 0.000000000000000000e+00 1.000000000000000000e+00
2.150000000000000000e+02 1.550000000000000000e+02 1.730000000000000000e+02 6.600000000000000000e+01 2.020000000000000000e+02 7.260000000000000000e+02 2.140000000000000000e+02 3.900000000000000000e+02 8.700000000000000000e+01 0.000000000000000000e+00 0.000000000000000000e+00 1.000000000000000000e+00
2.150000000000000000e+02 1.550000000000000000e+02 1.730000000000000000e+02 6.600000000000000000e+01 2.020000000000000000e+02 7.260000000000000000e+02 2.140000000000000000e+02 3.900000000000000000e+02 8.700000000000000000e+01 0.000000000000000000e+00 0.000000000000000000e+00 1.000000000000000000e+00
3.220000000000000000e+02 2.390000000000000000e+02 1.660000000000000000e+02 8.700000000000000000e+01 1.670000000000000000e+02 1.046000000000000000e+03 3.750000000000000000e+02 5.340000000000000000e+02 1.100000000000000000e+02 0.000000000000000000e+00 0.000000000000000000e+00 1.000000000000000000e+00
3.220000000000000000e+02 2.390000000000000000e+02 1.660000000000000000e+02 8.700000000000000000e+01 1.670000000000000000e+02 1.046000000000000000e+03 3.750000000000000000e+02 5.340000000000000000e+02 1.100000000000000000e+02 0.000000000000000000e+00 0.000000000000000000e+00 1.000000000000000000e+00
3.220000000000000000e+02 2.390000000000000000e+02 1.660000000000000000e+02 8.700000000000000000e+01 1.670000000000000000e+02 1.046000000000000000e+03 3.750000000000000000e+02 5.340000000000000000e+02 1.100000000000000000e+02 0.000000000000000000e+00 0.000000000000000000e+00 1.000000000000000000e+00
3.220000000000000000e+02 2.390000000000000000e+02 1.660000000000000000e+02 8.700000000000000000e+01 1.670000000000000000e+02 1.046000000000000000e+03 3.750000000000000000e+02 5.340000000000000000e+02 1.100000000000000000e+02 0.000000000000000000e+00 0.000000000000000000e+00 1.000000000000000000e+00
3.220000000000000000e+02 2.390000000000000000e+02 1.660000000000000000e+02 8.700000000000000000e+01 1.670000000000000000e+02 1.046000000000000000e+03 3.750000000000000000e+02 5.340000000000000000e+02 1.100000000000000000e+02 0.000000000000000000e+00 0.000000000000000000e+00 1.000000000000000000e+00
3.220000000000000000e+02 2.390000000000000000e+02 1.660000000000000000e+02 8.700000000000000000e+01 1.670000000000000000e+02 1.046000000000000000e+03 3.750000000000000000e+02 5.340000000000000000e+02 1.100000000000000000e+02 0.000000000000000000e+00 0.000000000000000000e+00 1.000000000000000000e+00
3.220000000000000000e+02 2.390000000000000000e+02 1.660000000000000000e+02 8.700000000000000000e+01 1.670000000000000000e+02 1.046000000000000000e+03 3.750000000000000000e+02 5.340000000000000000e+02 1.100000000000000000e+02 0.000000000000000000e+00 0.000000000000000000e+00 1.000000000000000000e+00
3.220000000000000000e+02 2.390000000000000000e+02 1.660000000000000000e+02 8.700000000000000000e+01 1.670000000000000000e+02 1.046000000000000000e+03 3.750000000000000000e+02 5.340000000000000000e+02 1.100000000000000000e+02 0.000000000000000000e+00 0.000000000000000000e+00 1.000000000000000000e+00
1.950000000000000000e+02 1.500000000000000000e+02 1.720000000000000000e+02 5.300000000000000000e+01 1.360000000000000000e+02 6.680000000000000000e+02 1.370000000000000000e+02 3.540000000000000000e+02 9.300000000000000000e+01 0.000000000000000000e+00 0.000000000000000000e+00 1.000000000000000000e+00
1.950000000000000000e+02 1.500000000000000000e+02 1.720000000000000000e+02 5.300000000000000000e+01 1.360000000000000000e+02 6.680000000000000000e+02 1.370000000000000000e+02 3.540000000000000000e+02 9.300000000000000000e+01 0.000000000000000000e+00 0.000000000000000000e+00 1.000000000000000000e+00
1.950000000000000000e+02 1.500000000000000000e+02 1.720000000000000000e+02 5.300000000000000000e+01 1.360000000000000000e+02 6.680000000000000000e+02 1.370000000000000000e+02 3.540000000000000000e+02 9.300000000000000000e+01 0.000000000000000000e+00 0.000000000000000000e+00 1.000000000000000000e+00
1.950000000000000000e+02 1.500000000000000000e+02 1.720000000000000000e+02 5.300000000000000000e+01 1.360000000000000000e+02 6.680000000000000000e+02 1.370000000000000000e+02 3.540000000000000000e+02 9.300000000000000000e+01 0.000000000000000000e+00 0.000000000000000000e+00 1.000000000000000000e+00
2.830000000000000000e+02 1.640000000000000000e+02 1.640000000000000000e+02 7.800000000000000000e+01 8.700000000000000000e+01 9.110000000000000000e+02 2.920000000000000000e+02 4.870000000000000000e+02 1.150000000000000000e+02 0.000000000000000000e+00 0.000000000000000000e+00 1.000000000000000000e+00
2.830000000000000000e+02 1.640000000000000000e+02 1.640000000000000000e+02 7.800000000000000000e+01 8.700000000000000000e+01 9.110000000000000000e+02 2.920000000000000000e+02 4.870000000000000000e+02 1.150000000000000000e+02 0.000000000000000000e+00 0.000000000000000000e+00 1.000000000000000000e+00
2.830000000000000000e+02 1.640000000000000000e+02 1.640000000000000000e+02 7.800000000000000000e+01 8.700000000000000000e+01 9.110000000000000000e+02 2.920000000000000000e+02 4.870000000000000000e+02 1.150000000000000000e+02 0.000000000000000000e+00 0.000000000000000000e+00 1.000000000000000000e+00
2.830000000000000000e+02 1.640000000000000000e+02 1.640000000000000000e+02 7.800000000000000000e+01 8.700000000000000000e+01 9.110000000000000000e+02 2.920000000000000000e+02 4.870000000000000000e+02 1.150000000000000000e+02 0.000000000000000000e+00 0.000000000000000000e+00 1.000000000000000000e+00
2.830000000000000000e+02 1.640000000000000000e+02 1.640000000000000000e+02 7.800000000000000000e+01 8.700000000000000000e+01 9.110000000000000000e+02 2.920000000000000000e+02 4.870000000000000000e+02 1.150000000000000000e+02 0.000000000000000000e+00 0.000000000000000000e+00 1.000000000000000000e+00
2.830000000000000000e+02 1.640000000000000000e+02 1.640000000000000000e+02 7.800000000000000000e+01 8.700000000000000000e+01 9.110000000000000000e+02 2.920000000000000000e+02 4.870000000000000000e+02 1.150000000000000000e+02 0.000000000000000000e+00 0.000000000000000000e+00 1.000000000000000000e+00
2.830000000000000000e+02 1.640000000000000000e+02 1.640000000000000000e+02 7.800000000000000000e+01 8.700000000000000000e+01 9.110000000000000000e+02 2.920000000000000000e+02 4.870000000000000000e+02 1.150000000000000000e+02 0.000000000000000000e+00 0.000000000000000000e+00 1.000000000000000000e+00
2.830000000000000000e+02 1.640000000000000000e+02 1.640000000000000000e+02 7.800000000000000000e+01 8.700000000000000000e+01 9.110000000000000000e+02 2.920000000000000000e+02 4.870000000000000000e+02 1.150000000000000000e+02 0.000000000000000000e+00 0.000000000000000000e+00 1.000000000000000000e+00
2.030000000000000000e+02 1.470000000000000000e+02 1.630000000000000000e+02 5.900000000000000000e+01 1.210000000000000000e+02 6.480000000000000000e+02 1.440000000000000000e+02 3.730000000000000000e+02 9.300000000000000000e+01 0.000000000000000000e+00 0.000000000000000000e+00 1.000000000000000000e+00
2.030000000000000000e+02 1.470000000000000000e+02 1.630000000000000000e+02 5.900000000000000000e+01 1.210000000000000000e+02 6.480000000000000000e+02 1.440000000000000000e+02 3.730000000000000000e+02 9.300000000000000000e+01 0.000000000000000000e+00 0.000000000000000000e+00 1.000000000000000000e+00
2.030000000000000000e+02 1.470000000000000000e+02 1.630000000000000000e+02 5.900000000000000000e+01 1.210000000000000000e+02 6.480000000000000000e+02 1.440000000000000000e+02 3.730000000000000000e+02 9.300000000000000000e+01 0.000000000000000000e+00 0.000000000000000000e+00 1.000000000000000000e+00
2.030000000000000000e+02 1.470000000000000000e+02 1.630000000000000000e+02 5.900000000000000000e+01 1.210000000000000000e+02 6.480000000000000000e+02 1.440000000000000000e+02 3.730000000000000000e+02 9.300000000000000000e+01 0.000000000000000000e+00 0.000000000000000000e+00 1.000000000000000000e+00
2.030000000000000000e+02 1.470000000000000000e+02 1.630000000000000000e+02 5.900000000000000000e+01 1.210000000000000000e+02 6.480000000000000000e+02 1.440000000000000000e+02 3.730000000000000000e+02 9.300000000000000000e+01 0.000000000000000000e+00 0.000000000000000000e+00 1.000000000000000000e+00
2.990000000000000000e+02 2.920000000000000000e+02 1.620000000000000000e+02 7.800000000000000000e+01 6.500000000000000000e+01 1.069000000000000000e+03 4.330000000000000000e+02 4.740000000000000000e+02 4.980000000000000000e+02 0.000000000000000000e+00 0.000000000000000000e+00 1.000000000000000000e+00
2.990000000000000000e+02 2.920000000000000000e+02 1.620000000000000000e+02 7.800000000000000000e+01 6.500000000000000000e+01 1.069000000000000000e+03 4.330000000000000000e+02 4.740000000000000000e+02 4.980000000000000000e+02 0.000000000000000000e+00 0.000000000000000000e+00 1.000000000000000000e+00
2.990000000000000000e+02 2.920000000000000000e+02 1.620000000000000000e+02 7.800000000000000000e+01 6.500000000000000000e+01 1.069000000000000000e+03 4.330000000000000000e+02 4.740000000000000000e+02 4.980000000000000000e+02 0.000000000000000000e+00 0.000000000000000000e+00 1.000000000000000000e+00
2.990000000000000000e+02 2.920000000000000000e+02 1.620000000000000000e+02 7.800000000000000000e+01 6.500000000000000000e+01 1.069000000000000000e+03 4.330000000000000000e+02 4.740000000000000000e+02 4.980000000000000000e+02 0.000000000000000000e+00 0.000000000000000000e+00 1.000000000000000000e+00
2.990000000000000000e+02 2.920000000000000000e+02 1.620000000000000000e+02 7.800000000000000000e+01 6.500000000000000000e+01 1.069000000000000000e+03 4.330000000000000000e+02 4.740000000000000000e+02 4.980000000000000000e+02 0.000000000000000000e+00 0.000000000000000000e+00 1.000000000000000000e+00
2.990000000000000000e+02 2.920000000000000000e+02 1.620000000000000000e+02 7.800000000000000000e+01 6.500000000000000000e+01 1.069000000000000000e+03 4.330000000000000000e+02 4.740000000000000000e+02 4.980000000000000000e+02 0.000000000000000000e+00 0.000000000000000000e+00 1.000000000000000000e+00
2.990000000000000000e+02 2.920000000000000000e+02 1.620000000000000000e+02 7.800000000000000000e+01 6.500000000000000000e+01 1.069000000000000000e+03 4.330000000000000000e+02 4.740000000000000000e+02 4.980000000000000000e+02 0.000000000000000000e+00 0.000000000000000000e+00 1.000000000000000000e+00
2.990000000000000000e+02 2.920000000000000000e+02 1.620000000000000000e+02 7.800000000000000000e+01 6.500000000000000000e+01 1.069000000000000000e+03 4.330000000000000000e+02 4.740000000000000000e+02 4.980000000000000000e+02 0.000000000000000000e+00 0.000000000000000000e+00 1.000000000000000000e+00
2.990000000000000000e+02 2.920000000000000000e+02 1.620000000000000000e+02 7.800000000000000000e+01 6.500000000000000000e+01 1.069000000000000000e+03 4.330000000000000000e+02 4.740000000000000000e+02 4.980000000000000000e+02 0.000000000000000000e+00 0.000000000000000000e+00 1.000000000000000000e+00
2.990000000000000000e+02 2.920000000000000000e+02 1.620000000000000000e+02 7.800000000000000000e+01 6.500000000000000000e+01 1.069000000000000000e+03 4.330000000000000000e+02 4.740000000000000000e+02 4.980000000000000000e+02 0.000000000000000000e+00 0.000000000000000000e+00 1.000000000000000000e+00
2.250000000000000000e+02 1.530000000000000000e+02 1.590000000000000000e+02 6.100000000000000000e+01 6.500000000000000000e+01 6.830000000000000000e+02 1.190000000000000000e+02 3.990000000000000000e+02 1.790000000000000000e+02 0.000000000000000000e+00 0.000000000000000000e+00 1.000000000000000000e+00
2.250000000000000000e+02 1.530000000000000000e+02 1.590000000000000000e+02 6.100000000000000000e+01 6.500000000000000000e+01 6.830000000000000000e+02 1.190000000000000000e+02 3.990000000000000000e+02 1.790000000000000000e+02 0.000000000000000000e+00 0.000000000000000000e+00 1.000000000000000000e+00
2.250000000000000000e+02 1.530000000000000000e+02 1.590000000000000000e+02 6.100000000000000000e+01 6.500000000000000000e+01 6.830000000000000000e+02 1.190000000000000000e+02 3.990000000000000000e+02 1.790000000000000000e+02 0.000000000000000000e+00 0.000000000000000000e+00 1.000000000000000000e+00
3.590000000000000000e+02 1.600000000000000000e+02 1.610000000000000000e+02 9.500000000000000000e+01 6.400000000000000000e+01 1.013000000000000000e+03 2.770000000000000000e+02 5.860000000000000000e+02 4.160000000000000000e+02 0.000000000000000000e+00 0.000000000000000000e+00 1.000000000000000000e+00
3.590000000000000000e+02 1.600000000000000000e+02 1.610000000000000000e+02 9.500000000000000000e+01 6.400000000000000000e+01 1.013000000000000000e+03 2.770000000000000000e+02 5.860000000000000000e+02 4.160000000000000000e+02 0.000000000000000000e+00 0.000000000000000000e+00 1.000000000000000000e+00
3.590000000000000000e+02 1.600000000000000000e+02 1.610000000000000000e+02 9.500000000000000000e+01 6.400000000000000000e+01 1.013000000000000000e+03 2.770000000000000000e+02 5.860000000000000000e+02 4.160000000000000000e+02 0.000000000000000000e+00 0.000000000000000000e+00 1.000000000000000000e+00
3.590000000000000000e+02 1.600000000000000000e+02 1.610000000000000000e+02 9.500000000000000000e+01 6.400000000000000000e+01 1.013000000000000000e+03 2.770000000000000000e+02 5.860000000000000000e+02 4.160000000000000000e+02 0.000000000000000000e+00 0.000000000000000000e+00 1.000000000000000000e+00
3.590000000000000000e+02 1.600000000000000000e+02 1.610000000000000000e+02 9.500000000000000000e+01 6.400000000000000000e+01 1.013000000000000000e+03 2.770000000000000000e+02 5.860000000000000000e+02 4.160000000000000000e+02 0.000000000000000000e+00 0.000000000000000000e+00 1.000000000000000000e+00
3.590000000000000000e+02 1.600000000000000000e+02 1.610000000000000000e+02 9.500000000000000000e+01 6.400000000000000000e+01 1.013000000000000000e+03 2.770000000000000000e+02 5.860000000000000000e+02 4.160000000000000000e+02 0.000000000000000000e+00 0.000000000000000000e+00 1.000000000000000000e+00
3.590000000000000000e+02 1.600000000000000000e+02 1.610000000000000000e+02 9.500000000000000000e+01 6.400000000000000000e+01 1.013000000000000000e+03 2.770000000000000000e+02 5.860000000000000000e+02 4.160000000000000000e+02 0.000000000000000000e+00 0.000000000000000000e+00 1.000000000000000000e+00
3.590000000000000000e+02 1.600000000000000000e+02 1.610000000000000000e+02 9.500000000000000000e+01 6.400000000000000000e+01 1.013000000000000000e+03 2.770000000000000000e+02 5.860000000000000000e+02 4.160000000000000000e+02 0.000000000000000000e+00 0.000000000000000000e+00 1.000000000000000000e+00
3.750000000000000000e+02 1.570000000000000000e+02 1.570000000000000000e+02 8.100000000000000000e+01 9.400000000000000000e+01 9.500000000000000000e+02 1.480000000000000000e+02 6.430000000000000000e+02 2.450000000000000000e+02 0.000000000000000000e+00 0.000000000000000000e+00 1.000000000000000000e+00
3.750000000000000000e+02 1.570000000000000000e+02 1.570000000000000000e+02 8.100000000000000000e+01 9.400000000000000000e+01 9.500000000000000000e+02 1.480000000000000000e+02 6.430000000000000000e+02 2.450000000000000000e+02 0.000000000000000000e+00 0.000000000000000000e+00 1.000000000000000000e+00
3.750000000000000000e+02 1.570000000000000000e+02 1.570000000000000000e+02 8.100000000000000000e+01 9.400000000000000000e+01 9.500000000000000000e+02 1.480000000000000000e+02 6.430000000000000000e+02 2.450000000000000000e+02 0.000000000000000000e+00 0.000000000000000000e+00 1.000000000000000000e+00
3.750000000000000000e+02 1.570000000000000000e+02 1.570000000000000000e+02 8.100000000000000000e+01 9.400000000000000000e+01 9.500000000000000000e+02 1.480000000000000000e+02 6.430000000000000000e+02 2.450000000000000000e+02 0.000000000000000000e+00 0.000000000000000000e+00 1.000000000000000000e+00
3.750000000000000000e+02 1.570000000000000000e+02 1.570000000000000000e+02 8.100000000000000000e+01 9.400000000000000000e+01 9.500000000000000000e+02 1.480000000000000000e+02 6.430000000000000000e+02 2.450000000000000000e+02 0.000000000000000000e+00 0.000000000000000000e+00 1.000000000000000000e+00
3.750000000000000000e+02 1.570000000000000000e+02 1.570000000000000000e+02 8.100000000000000000e+01 9.400000000000000000e+01 9.500000000000000000e+02 1.480000000000000000e+02 6.430000000000000000e+02 2.450000000000000000e+02 0.000000000000000000e+00 0.000000000000000000e+00 1.000000000000000000e+00
5.790000000000000000e+02 1.610000000000000000e+02 1.550000000000000000e+02 1.210000000000000000e+02 6.400000000000000000e+01 1.477000000000000000e+03 2.490000000000000000e+02 9.600000000000000000e+02 6.920000000000000000e+02 0.000000000000000000e+00 0.000000000000000000e+00 1.000000000000000000e+00
5.790000000000000000e+02 1.610000000000000000e+02 1.550000000000000000e+02 1.210000000000000000e+02 6.400000000000000000e+01 1.477000000000000000e+03 2.490000000000000000e+02 9.600000000000000000e+02 6.920000000000000000e+02 0.000000000000000000e+00 0.000000000000000000e+00 1.000000000000000000e+00
5.790000000000000000e+02 1.610000000000000000e+02 1.550000000000000000e+02 1.210000000000000000e+02 6.400000000000000000e+01 1.477000000000000000e+03 2.490000000000000000e+02 9.600000000000000000e+02 6.920000000000000000e+02 0.000000000000000000e+00 0.000000000000000000e+00 1.000000000000000000e+00
5.790000000000000000e+02 1.610000000000000000e+02 1.550000000000000000e+02 1.210000000000000000e+02 6.400000000000000000e+01 1.477000000000000000e+03 2.490000000000000000e+02 9.600000000000000000e+02 6.920000000000000000e+02 0.000000000000000000e+00 0.000000000000000000e+00 1.000000000000000000e+00
5.790000000000000000e+02 1.610000000000000000e+02 1.550000000000000000e+02 1.210000000000000000e+02 6.400000000000000000e+01 1.477000000000000000e+03 2.490000000000000000e+02 9.600000000000000000e+02 6.920000000000000000e+02 0.000000000000000000e+00 0.000000000000000000e+00 1.000000000000000000e+00
5.790000000000000000e+02 1.610000000000000000e+02 1.550000000000000000e+02 1.210000000000000000e+02 6.400000000000000000e+01 1.477000000000000000e+03 2.490000000000000000e+02 9.600000000000000000e+02 6.920000000000000000e+02 0.000000000000000000e+00 0.000000000000000000e+00 1.000000000000000000e+00
5.790000000000000000e+02 1.610000000000000000e+02 1.550000000000000000e+02 1.210000000000000000e+02 6.400000000000000000e+01 1.477000000000000000e+03 2.490000000000000000e+02 9.600000000000000000e+02 6.920000000000000000e+02 0.000000000000000000e+00 0.000000000000000000e+00 1.000000000000000000e+00
2.470000000000000000e+02 1.610000000000000000e+02 1.560000000000000000e+02 7.300000000000000000e+01 6.900000000000000000e+01 6.270000000000000000e+02 9.100000000000000000e+01 4.320000000000000000e+02 1.770000000000000000e+02 0.000000000000000000e+00 0.000000000000000000e+00 1.000000000000000000e+00
2.470000000000000000e+02 1.610000000000000000e+02 1.560000000000000000e+02 7.300000000000000000e+01 6.900000000000000000e+01 6.270000000000000000e+02 9.100000000000000000e+01 4.320000000000000000e+02 1.770000000000000000e+02 0.000000000000000000e+00 0.000000000000000000e+00 1.000000000000000000e+00
2.470000000000000000e+02 1.610000000000000000e+02 1.560000000000000000e+02 7.300000000000000000e+01 6.900000000000000000e+01 6.270000000000000000e+02 9.100000000000000000e+01 4.320000000000000000e+02 1.770000000000000000e+02 0.000000000000000000e+00 0.000000000000000000e+00 1.000000000000000000e+00
2.470000000000000000e+02 1.610000000000000000e+02 1.560000000000000000e+02 7.300000000000000000e+01 6.900000000000000000e+01 6.270000000000000000e+02 9.100000000000000000e+01 4.320000000000000000e+02 1.770000000000000000e+02 0.000000000000000000e+00 0.000000000000000000e+00 1.000000000000000000e+00
2.470000000000000000e+02 1.610000000000000000e+02 1.560000000000000000e+02 7.300000000000000000e+01 6.900000000000000000e+01 6.270000000000000000e+02 9.100000000000000000e+01 4.320000000000000000e+02 1.770000000000000000e+02 0.000000000000000000e+00 0.000000000000000000e+00 1.000000000000000000e+00
2.470000000000000000e+02 1.610000000000000000e+02 1.560000000000000000e+02 7.300000000000000000e+01 6.900000000000000000e+01 6.270000000000000000e+02 9.100000000000000000e+01 4.320000000000000000e+02 1.770000000000000000e+02 0.000000000000000000e+00 0.000000000000000000e+00 1.000000000000000000e+00
3.270000000000000000e+02 1.660000000000000000e+02 1.510000000000000000e+02 8.100000000000000000e+01 6.500000000000000000e+01 8.550000000000000000e+02 1.640000000000000000e+02 4.880000000000000000e+02 4.520000000000000000e+02 0.000000000000000000e+00 0.000000000000000000e+00 1.000000000000000000e+00
3.270000000000000000e+02 1.660000000000000000e+02 1.510000000000000000e+02 8.100000000000000000e+01 6.500000000000000000e+01 8.550000000000000000e+02 1.640000000000000000e+02 4.880000000000000000e+02 4.520000000000000000e+02 0.000000000000000000e+00 0.000000000000000000e+00 1.000000000000000000e+00
3.270000000000000000e+02 1.660000000000000000e+02 1.510000000000000000e+02 8.100000000000000000e+01 6.500000000000000000e+01 8.550000000000000000e+02 1.640000000000000000e+02 4.880000000000000000e+02 4.520000000000000000e+02 0.000000000000000000e+00 0.000000000000000000e+00 1.000000000000000000e+00
3.270000000000000000e+02 1.660000000000000000e+02 1.510000000000000000e+02 8.100000000000000000e+01 6.500000000000000000e+01 8.550000000000000000e+02 1.640000000000000000e+02 4.880000000000000000e+02 4.520000000000000000e+02 0.000000000000000000e+00 0.000000000000000000e+00 1.000000000000000000e+00
3.270000000000000000e+02 1.660000000000000000e+02 1.510000000000000000e+02 8.100000000000000000e+01 6.500000000000000000e+01 8.550000000000000000e+02 1.640000000000000000e+02 4.880000000000000000e+02 4.520000000000000000e+02 0.000000000000000000e+00 0.000000000000000000e+00 1.000000000000000000e+00
2.400000000000000000e+02 1.690000000000000000e+02 1.520000000000000000e+02 6.400000000000000000e+01 1.120000000000000000e+02 5.890000000000000000e+02 8.400000000000000000e+01 4.000000000000000000e+02 6.700000000000000000e+01 0.000000000000000000e+00 0.000000000000000000e+00 1.000000000000000000e+00
2.400000000000000000e+02 1.690000000000000000e+02 1.520000000000000000e+02 6.400000000000000000e+01 1.120000000000000000e+02 5.890000000000000000e+02 8.400000000000000000e+01 4.000000000000000000e+02 6.700000000000000000e+01 0.000000000000000000e+00 0.000000000000000000e+00 1.000000000000000000e+00
2.400000000000000000e+02 1.690000000000000000e+02 1.520000000000000000e+02 6.400000000000000000e+01 1.120000000000000000e+02 5.890000000000000000e+02 8.400000000000000000e+01 4.000000000000000000e+02 6.700000000000000000e+01 0.000000000000000000e+00 0.000000000000000000e+00 1.000000000000000000e+00
2.400000000000000000e+02 1.690000000000000000e+02 1.520000000000000000e+02 6.400000000000000000e+01 1.120000000000000000e+02 5.890000000000000000e+02 8.400000000000000000e+01 4.000000000000000000e+02 6.700000000000000000e+01 0.000000000000000000e+00 0.000000000000000000e+00 1.000000000000000000e+00
1.670000000000000000e+02 1.510000000000000000e+02 1.700000000000000000e+02 6.400000000000000000e+01 5.100000000000000000e+02 5.400000000000000000e+01 3.170000000000000000e+02 9.900000000000000000e+01 7.800000000000000000e+01 0.000000000000000000e+00 0.000000000000000000e+00 1.000000000000000000e+00
1.680000000000000000e+02 1.500000000000000000e+02 1.620000000000000000e+02 6.300000000000000000e+01 3.090000000000000000e+02 2.220000000000000000e+02 3.220000000000000000e+02 8.000000000000000000e+01 8.600000000000000000e+01 0.000000000000000000e+00 0.000000000000000000e+00 1.000000000000000000e+00
1.680000000000000000e+02 1.500000000000000000e+02 1.620000000000000000e+02 6.300000000000000000e+01 3.090000000000000000e+02 2.220000000000000000e+02 3.220000000000000000e+02 8.000000000000000000e+01 8.600000000000000000e+01 0.000000000000000000e+00 0.000000000000000000e+00 1.000000000000000000e+00
1.680000000000000000e+02 1.500000000000000000e+02 1.620000000000000000e+02 6.300000000000000000e+01 3.090000000000000000e+02 2.220000000000000000e+02 3.220000000000000000e+02 8.000000000000000000e+01 8.600000000000000000e+01 0.000000000000000000e+00 0.000000000000000000e+00 1.000000000000000000e+00
2.690000000000000000e+02 1.670000000000000000e+02 1.490000000000000000e+02 6.300000000000000000e+01 9.500000000000000000e+01 8.100000000000000000e+02 1.820000000000000000e+02 4.800000000000000000e+02 9.100000000000000000e+01 0.000000000000000000e+00 0.000000000000000000e+00 1.000000000000000000e+00
2.690000000000000000e+02 1.670000000000000000e+02 1.490000000000000000e+02 6.300000000000000000e+01 9.500000000000000000e+01 8.100000000000000000e+02 1.820000000000000000e+02 4.800000000000000000e+02 9.100000000000000000e+01 0.000000000000000000e+00 0.000000000000000000e+00 1.000000000000000000e+00
2.690000000000000000e+02 1.670000000000000000e+02 1.490000000000000000e+02 6.300000000000000000e+01 9.500000000000000000e+01 8.100000000000000000e+02 1.820000000000000000e+02 4.800000000000000000e+02 9.100000000000000000e+01 0.000000000000000000e+00 0.000000000000000000e+00 1.000000000000000000e+00
2.690000000000000000e+02 1.670000000000000000e+02 1.490000000000000000e+02 6.300000000000000000e+01 9.500000000000000000e+01 8.100000000000000000e+02 1.820000000000000000e+02 4.800000000000000000e+02 9.100000000000000000e+01 0.000000000000000000e+00 0.000000000000000000e+00 1.000000000000000000e+00
2.690000000000000000e+02 1.670000000000000000e+02 1.490000000000000000e+02 6.300000000000000000e+01 9.500000000000000000e+01 8.100000000000000000e+02 1.820000000000000000e+02 4.800000000000000000e+02 9.100000000000000000e+01 0.000000000000000000e+00 0.000000000000000000e+00 1.000000000000000000e+00
1.730000000000000000e+02 1.700000000000000000e+02 1.600000000000000000e+02 5.100000000000000000e+01 1.810000000000000000e+02 5.310000000000000000e+02 1.100000000000000000e+02 3.240000000000000000e+02 7.100000000000000000e+01 0.000000000000000000e+00 0.000000000000000000e+00 1.000000000000000000e+00
1.730000000000000000e+02 1.700000000000000000e+02 1.600000000000000000e+02 5.100000000000000000e+01 1.810000000000000000e+02 5.310000000000000000e+02 1.100000000000000000e+02 3.240000000000000000e+02 7.100000000000000000e+01 0.000000000000000000e+00 0.000000000000000000e+00 1.000000000000000000e+00
1.730000000000000000e+02 1.700000000000000000e+02 1.600000000000000000e+02 5.100000000000000000e+01 1.810000000000000000e+02 5.310000000000000000e+02 1.100000000000000000e+02 3.240000000000000000e+02 7.100000000000000000e+01 0.000000000000000000e+00 0.000000000000000000e+00 1.000000000000000000e+00
1.730000000000000000e+02 1.700000000000000000e+02 1.600000000000000000e+02 5.100000000000000000e+01 1.810000000000000000e+02 5.310000000000000000e+02 1.100000000000000000e+02 3.240000000000000000e+02 7.100000000000000000e+01 0.000000000000000000e+00 0.000000000000000000e+00 1.000000000000000000e+00
1.730000000000000000e+02 1.700000000000000000e+02 1.600000000000000000e+02 5.100000000000000000e+01 1.810000000000000000e+02 5.310000000000000000e+02 1.100000000000000000e+02 3.240000000000000000e+02 7.100000000000000000e+01 0.000000000000000000e+00 0.000000000000000000e+00 1.000000000000000000e+00
1.730000000000000000e+02 1.700000000000000000e+02 1.600000000000000000e+02 5.100000000000000000e+01 1.810000000000000000e+02 5.310000000000000000e+02 1.100000000000000000e+02 3.240000000000000000e+02 7.100000000000000000e+01 0.000000000000000000e+00 0.000000000000000000e+00 1.000000000000000000e+00
2.340000000000000000e+02 1.670000000000000000e+02 1.510000000000000000e+02 6.300000000000000000e+01 1.300000000000000000e+02 7.400000000000000000e+02 1.920000000000000000e+02 4.370000000000000000e+02 7.800000000000000000e+01 0.000000000000000000e+00 0.000000000000000000e+00 1.000000000000000000e+00
2.340000000000000000e+02 1.670000000000000000e+02 1.510000000000000000e+02 6.300000000000000000e+01 1.300000000000000000e+02 7.400000000000000000e+02 1.920000000000000000e+02 4.370000000000000000e+02 7.800000000000000000e+01 0.000000000000000000e+00 0.000000000000000000e+00 1.000000000000000000e+00
2.340000000000000000e+02 1.670000000000000000e+02 1.510000000000000000e+02 6.300000000000000000e+01 1.300000000000000000e+02 7.400000000000000000e+02 1.920000000000000000e+02 4.370000000000000000e+02 7.800000000000000000e+01 0.000000000000000000e+00 0.000000000000000000e+00 1.000000000000000000e+00
2.340000000000000000e+02 1.670000000000000000e+02 1.510000000000000000e+02 6.300000000000000000e+01 1.300000000000000000e+02 7.400000000000000000e+02 1.920000000000000000e+02 4.370000000000000000e+02 7.800000000000000000e+01 0.000000000000000000e+00 0.000000000000000000e+00 1.000000000000000000e+00
2.340000000000000000e+02 1.670000000000000000e+02 1.510000000000000000e+02 6.300000000000000000e+01 1.300000000000000000e+02 7.400000000000000000e+02 1.920000000000000000e+02 4.370000000000000000e+02 7.800000000000000000e+01 0.000000000000000000e+00 0.000000000000000000e+00 1.000000000000000000e+00
2.340000000000000000e+02 1.670000000000000000e+02 1.510000000000000000e+02 6.300000000000000000e+01 1.300000000000000000e+02 7.400000000000000000e+02 1.920000000000000000e+02 4.370000000000000000e+02 7.800000000000000000e+01 0.000000000000000000e+00 0.000000000000000000e+00 1.000000000000000000e+00
2.340000000000000000e+02 1.670000000000000000e+02 1.510000000000000000e+02 6.300000000000000000e+01 1.300000000000000000e+02 7.400000000000000000e+02 1.920000000000000000e+02 4.370000000000000000e+02 7.800000000000000000e+01 0.000000000000000000e+00 0.000000000000000000e+00 1.000000000000000000e+00
1.570000000000000000e+02 1.660000000000000000e+02 1.520000000000000000e+02 5.000000000000000000e+01 1.160000000000000000e+02 4.720000000000000000e+02 1.010000000000000000e+02 2.790000000000000000e+02 7.000000000000000000e+01 0.000000000000000000e+00 0.000000000000000000e+00 1.000000000000000000e+00
1.570000000000000000e+02 1.660000000000000000e+02 1.520000000000000000e+02 5.000000000000000000e+01 1.160000000000000000e+02 4.720000000000000000e+02 1.010000000000000000e+02 2.790000000000000000e+02 7.000000000000000000e+01 0.000000000000000000e+00 0.000000000000000000e+00 1.000000000000000000e+00
1.570000000000000000e+02 1.660000000000000000e+02 1.520000000000000000e+02 5.000000000000000000e+01 1.160000000000000000e+02 4.720000000000000000e+02 1.010000000000000000e+02 2.790000000000000000e+02 7.000000000000000000e+01 0.000000000000000000e+00 0.000000000000000000e+00 1.000000000000000000e+00
1.570000000000000000e+02 1.660000000000000000e+02 1.520000000000000000e+02 5.000000000000000000e+01 1.160000000000000000e+02 4.720000000000000000e+02 1.010000000000000000e+02 2.790000000000000000e+02 7.000000000000000000e+01 0.000000000000000000e+00 0.000000000000000000e+00 1.000000000000000000e+00
1.570000000000000000e+02 1.660000000000000000e+02 1.520000000000000000e+02 5.000000000000000000e+01 1.160000000000000000e+02 4.720000000000000000e+02 1.010000000000000000e+02 2.790000000000000000e+02 7.000000000000000000e+01 0.000000000000000000e+00 0.000000000000000000e+00 1.000000000000000000e+00
2.250000000000000000e+02 1.640000000000000000e+02 1.540000000000000000e+02 6.700000000000000000e+01 1.570000000000000000e+02 7.220000000000000000e+02 2.060000000000000000e+02 4.260000000000000000e+02 7.900000000000000000e+01 0.000000000000000000e+00 0.000000000000000000e+00 1.000000000000000000e+00
2.250000000000000000e+02 1.640000000000000000e+02 1.540000000000000000e+02 6.700000000000000000e+01 1.570000000000000000e+02 7.220000000000000000e+02 2.060000000000000000e+02 4.260000000000000000e+02 7.900000000000000000e+01 0.000000000000000000e+00 0.000000000000000000e+00 1.000000000000000000e+00
2.250000000000000000e+02 1.640000000000000000e+02 1.540000000000000000e+02 6.700000000000000000e+01 1.570000000000000000e+02 7.220000000000000000e+02 2.060000000000000000e+02 4.260000000000000000e+02 7.900000000000000000e+01 0.000000000000000000e+00 0.000000000000000000e+00 1.000000000000000000e+00
2.250000000000000000e+02 1.640000000000000000e+02 1.540000000000000000e+02 6.700000000000000000e+01 1.570000000000000000e+02 7.220000000000000000e+02 2.060000000000000000e+02 4.260000000000000000e+02 7.900000000000000000e+01 0.000000000000000000e+00 0.000000000000000000e+00 1.000000000000000000e+00
2.250000000000000000e+02 1.640000000000000000e+02 1.540000000000000000e+02 6.700000000000000000e+01 1.570000000000000000e+02 7.220000000000000000e+02 2.060000000000000000e+02 4.260000000000000000e+02 7.900000000000000000e+01 0.000000000000000000e+00 0.000000000000000000e+00 1.000000000000000000e+00
1.800000000000000000e+02 1.620000000000000000e+02 1.690000000000000000e+02 5.800000000000000000e+01 2.310000000000000000e+02 5.240000000000000000e+02 1.200000000000000000e+02 3.310000000000000000e+02 7.000000000000000000e+01 0.000000000000000000e+00 0.000000000000000000e+00 1.000000000000000000e+00
1.750000000000000000e+02 1.660000000000000000e+02 1.620000000000000000e+02 5.500000000000000000e+01 1.740000000000000000e+02 5.210000000000000000e+02 9.300000000000000000e+01 3.200000000000000000e+02 6.900000000000000000e+01 0.000000000000000000e+00 0.000000000000000000e+00 1.000000000000000000e+00
1.750000000000000000e+02 1.660000000000000000e+02 1.620000000000000000e+02 5.500000000000000000e+01 1.740000000000000000e+02 5.210000000000000000e+02 9.300000000000000000e+01 3.200000000000000000e+02 6.900000000000000000e+01 0.000000000000000000e+00 0.000000000000000000e+00 1.000000000000000000e+00
1.750000000000000000e+02 1.660000000000000000e+02 1.620000000000000000e+02 5.500000000000000000e+01 1.740000000000000000e+02 5.210000000000000000e+02 9.300000000000000000e+01 3.200000000000000000e+02 6.900000000000000000e+01 0.000000000000000000e+00 0.000000000000000000e+00 1.000000000000000000e+00
1.560000000000000000e+02 1.700000000000000000e+02 1.520000000000000000e+02 5.600000000000000000e+01 7.000000000000000000e+01 4.810000000000000000e+02 8.200000000000000000e+01 2.670000000000000000e+02 8.800000000000000000e+01 0.000000000000000000e+00 0.000000000000000000e+00 1.000000000000000000e+00
1.560000000000000000e+02 1.700000000000000000e+02 1.520000000000000000e+02 5.600000000000000000e+01 7.000000000000000000e+01 4.810000000000000000e+02 8.200000000000000000e+01 2.670000000000000000e+02 8.800000000000000000e+01 0.000000000000000000e+00 0.000000000000000000e+00 1.000000000000000000e+00
1.560000000000000000e+02 1.700000000000000000e+02 1.520000000000000000e+02 5.600000000000000000e+01 7.000000000000000000e+01 4.810000000000000000e+02 8.200000000000000000e+01 2.670000000000000000e+02 8.800000000000000000e+01 0.000000000000000000e+00 0.000000000000000000e+00 1.000000000000000000e+00
2.410000000000000000e+02 1.700000000000000000e+02 1.600000000000000000e+02 9.100000000000000000e+01 6.800000000000000000e+01 7.800000000000000000e+02 2.370000000000000000e+02 4.030000000000000000e+02 1.900000000000000000e+02 0.000000000000000000e+00 0.000000000000000000e+00 1.000000000000000000e+00
2.410000000000000000e+02 1.700000000000000000e+02 1.600000000000000000e+02 9.100000000000000000e+01 6.800000000000000000e+01 7.800000000000000000e+02 2.370000000000000000e+02 4.030000000000000000e+02 1.900000000000000000e+02 0.000000000000000000e+00 0.000000000000000000e+00 1.000000000000000000e+00
2.410000000000000000e+02 1.700000000000000000e+02 1.600000000000000000e+02 9.100000000000000000e+01 6.800000000000000000e+01 7.800000000000000000e+02 2.370000000000000000e+02 4.030000000000000000e+02 1.900000000000000000e+02 0.000000000000000000e+00 0.000000000000000000e+00 1.000000000000000000e+00
2.410000000000000000e+02 1.700000000000000000e+02 1.600000000000000000e+02 9.100000000000000000e+01 6.800000000000000000e+01 7.800000000000000000e+02 2.370000000000000000e+02 4.030000000000000000e+02 1.900000000000000000e+02 0.000000000000000000e+00 0.000000000000000000e+00 1.000000000000000000e+00
2.410000000000000000e+02 1.700000000000000000e+02 1.600000000000000000e+02 9.100000000000000000e+01 6.800000000000000000e+01 7.800000000000000000e+02 2.370000000000000000e+02 4.030000000000000000e+02 1.900000000000000000e+02 0.000000000000000000e+00 0.000000000000000000e+00 1.000000000000000000e+00
2.410000000000000000e+02 1.700000000000000000e+02 1.600000000000000000e+02 9.100000000000000000e+01 6.800000000000000000e+01 7.800000000000000000e+02 2.370000000000000000e+02 4.030000000000000000e+02 1.900000000000000000e+02 0.000000000000000000e+00 0.000000000000000000e+00 1.000000000000000000e+00
2.410000000000000000e+02 1.700000000000000000e+02 1.600000000000000000e+02 9.100000000000000000e+01 6.800000000000000000e+01 7.800000000000000000e+02 2.370000000000000000e+02 4.030000000000000000e+02 1.900000000000000000e+02 0.000000000000000000e+00 0.000000000000000000e+00 1.000000000000000000e+00
1.600000000000000000e+02 1.600000000000000000e+02 1.540000000000000000e+02 9.400000000000000000e+01 4.880000000000000000e+02 5.500000000000000000e+01 2.650000000000000000e+02 8.400000000000000000e+01 6.700000000000000000e+01 0.000000000000000000e+00 0.000000000000000000e+00 1.000000000000000000e+00
1.600000000000000000e+02 1.600000000000000000e+02 1.540000000000000000e+02 9.400000000000000000e+01 4.880000000000000000e+02 5.500000000000000000e+01 2.650000000000000000e+02 8.400000000000000000e+01 6.700000000000000000e+01 0.000000000000000000e+00 0.000000000000000000e+00 1.000000000000000000e+00
1.600000000000000000e+02 1.600000000000000000e+02 1.540000000000000000e+02 9.400000000000000000e+01 4.880000000000000000e+02 5.500000000000000000e+01 2.650000000000000000e+02 8.400000000000000000e+01 6.700000000000000000e+01 0.000000000000000000e+00 0.000000000000000000e+00 1.000000000000000000e+00
1.600000000000000000e+02 1.600000000000000000e+02 1.540000000000000000e+02 9.400000000000000000e+01 4.880000000000000000e+02 5.500000000000000000e+01 2.650000000000000000e+02 8.400000000000000000e+01 6.700000000000000000e+01 0.000000000000000000e+00 0.000000000000000000e+00 1.000000000000000000e+00
1.600000000000000000e+02 1.600000000000000000e+02 1.540000000000000000e+02 9.400000000000000000e+01 4.880000000000000000e+02 5.500000000000000000e+01 2.650000000000000000e+02 8.400000000000000000e+01 6.700000000000000000e+01 0.000000000000000000e+00 0.000000000000000000e+00 1.000000000000000000e+00
2.330000000000000000e+02 1.610000000000000000e+02 1.700000000000000000e+02 8.900000000000000000e+01 7.200000000000000000e+01 7.710000000000000000e+02 2.200000000000000000e+02 4.110000000000000000e+02 1.080000000000000000e+02 0.000000000000000000e+00 0.000000000000000000e+00 1.000000000000000000e+00
2.330000000000000000e+02 1.610000000000000000e+02 1.700000000000000000e+02 8.900000000000000000e+01 7.200000000000000000e+01 7.710000000000000000e+02 2.200000000000000000e+02 4.110000000000000000e+02 1.080000000000000000e+02 0.000000000000000000e+00 0.000000000000000000e+00 1.000000000000000000e+00
2.330000000000000000e+02 1.610000000000000000e+02 1.700000000000000000e+02 8.900000000000000000e+01 7.200000000000000000e+01 7.710000000000000000e+02 2.200000000000000000e+02 4.110000000000000000e+02 1.080000000000000000e+02 0.000000000000000000e+00 0.000000000000000000e+00 1.000000000000000000e+00
2.330000000000000000e+02 1.610000000000000000e+02 1.700000000000000000e+02 8.900000000000000000e+01 7.200000000000000000e+01 7.710000000000000000e+02 2.200000000000000000e+02 4.110000000000000000e+02 1.080000000000000000e+02 0.000000000000000000e+00 0.000000000000000000e+00 1.000000000000000000e+00
2.330000000000000000e+02 1.610000000000000000e+02 1.700000000000000000e+02 8.900000000000000000e+01 7.200000000000000000e+01 7.710000000000000000e+02 2.200000000000000000e+02 4.110000000000000000e+02 1.080000000000000000e+02 0.000000000000000000e+00 0.000000000000000000e+00 1.000000000000000000e+00
2.330000000000000000e+02 1.610000000000000000e+02 1.700000000000000000e+02 8.900000000000000000e+01 7.200000000000000000e+01 7.710000000000000000e+02 2.200000000000000000e+02 4.110000000000000000e+02 1.080000000000000000e+02 0.000000000000000000e+00 0.000000000000000000e+00 1.000000000000000000e+00
2.330000000000000000e+02 1.610000000000000000e+02 1.700000000000000000e+02 8.900000000000000000e+01 7.200000000000000000e+01 7.710000000000000000e+02 2.200000000000000000e+02 4.110000000000000000e+02 1.080000000000000000e+02 0.000000000000000000e+00 0.000000000000000000e+00 1.000000000000000000e+00
1.910000000000000000e+02 1.530000000000000000e+02 1.680000000000000000e+02 5.800000000000000000e+01 1.510000000000000000e+02 5.470000000000000000e+02 9.400000000000000000e+01 3.540000000000000000e+02 8.500000000000000000e+01 0.000000000000000000e+00 0.000000000000000000e+00 1.000000000000000000e+00
1.910000000000000000e+02 1.530000000000000000e+02 1.680000000000000000e+02 5.800000000000000000e+01 1.510000000000000000e+02 5.470000000000000000e+02 9.400000000000000000e+01 3.540000000000000000e+02 8.500000000000000000e+01 0.000000000000000000e+00 0.000000000000000000e+00 1.000000000000000000e+00
1.910000000000000000e+02 1.530000000000000000e+02 1.680000000000000000e+02 5.800000000000000000e+01 1.510000000000000000e+02 5.470000000000000000e+02 9.400000000000000000e+01 3.540000000000000000e+02 8.500000000000000000e+01 0.000000000000000000e+00 0.000000000000000000e+00 1.000000000000000000e+00
1.910000000000000000e+02 1.530000000000000000e+02 1.680000000000000000e+02 5.800000000000000000e+01 1.510000000000000000e+02 5.470000000000000000e+02 9.400000000000000000e+01 3.540000000000000000e+02 8.500000000000000000e+01 0.000000000000000000e+00 0.000000000000000000e+00 1.000000000000000000e+00
1.910000000000000000e+02 1.530000000000000000e+02 1.680000000000000000e+02 5.800000000000000000e+01 1.510000000000000000e+02 5.470000000000000000e+02 9.400000000000000000e+01 3.540000000000000000e+02 8.500000000000000000e+01 0.000000000000000000e+00 0.000000000000000000e+00 1.000000000000000000e+00
2.730000000000000000e+02 1.590000000000000000e+02 1.670000000000000000e+02 7.900000000000000000e+01 6.100000000000000000e+01 9.010000000000000000e+02 2.640000000000000000e+02 4.970000000000000000e+02 2.200000000000000000e+02 0.000000000000000000e+00 0.000000000000000000e+00 1.000000000000000000e+00
2.730000000000000000e+02 1.590000000000000000e+02 1.670000000000000000e+02 7.900000000000000000e+01 6.100000000000000000e+01 9.010000000000000000e+02 2.640000000000000000e+02 4.970000000000000000e+02 2.200000000000000000e+02 0.000000000000000000e+00 0.000000000000000000e+00 1.000000000000000000e+00
2.730000000000000000e+02 1.590000000000000000e+02 1.670000000000000000e+02 7.900000000000000000e+01 6.100000000000000000e+01 9.010000000000000000e+02 2.640000000000000000e+02 4.970000000000000000e+02 2.200000000000000000e+02 0.000000000000000000e+00 0.000000000000000000e+00 1.000000000000000000e+00
2.730000000000000000e+02 1.590000000000000000e+02 1.670000000000000000e+02 7.900000000000000000e+01 6.100000000000000000e+01 9.010000000000000000e+02 2.640000000000000000e+02 4.970000000000000000e+02 2.200000000000000000e+02 0.000000000000000000e+00 0.000000000000000000e+00 1.000000000000000000e+00
2.730000000000000000e+02 1.590000000000000000e+02 1.670000000000000000e+02 7.900000000000000000e+01 6.100000000000000000e+01 9.010000000000000000e+02 2.640000000000000000e+02 4.970000000000000000e+02 2.200000000000000000e+02 0.000000000000000000e+00 0.000000000000000000e+00 1.000000000000000000e+00
2.730000000000000000e+02 1.590000000000000000e+02 1.670000000000000000e+02 7.900000000000000000e+01 6.100000000000000000e+01 9.010000000000000000e+02 2.640000000000000000e+02 4.970000000000000000e+02 2.200000000000000000e+02 0.000000000000000000e+00 0.000000000000000000e+00 1.000000000000000000e+00
4.170000000000000000e+02 2.470000000000000000e+02 1.700000000000000000e+02 1.160000000000000000e+02 5.800000000000000000e+01 1.167000000000000000e+03 4.200000000000000000e+02 6.330000000000000000e+02 2.910000000000000000e+02 0.000000000000000000e+00 0.000000000000000000e+00 1.000000000000000000e+00
4.170000000000000000e+02 2.470000000000000000e+02 1.700000000000000000e+02 1.160000000000000000e+02 5.800000000000000000e+01 1.167000000000000000e+03 4.200000000000000000e+02 6.330000000000000000e+02 2.910000000000000000e+02 0.000000000000000000e+00 0.000000000000000000e+00 1.000000000000000000e+00
2.630000000000000000e+02 1.470000000000000000e+02 1.700000000000000000e+02 6.200000000000000000e+01 1.090000000000000000e+02 5.750000000000000000e+02 1.470000000000000000e+02 4.380000000000000000e+02 9.000000000000000000e+01 0.000000000000000000e+00 0.000000000000000000e+00 1.000000000000000000e+00
1.920000000000000000e+02 1.490000000000000000e+02 1.710000000000000000e+02 5.300000000000000000e+01 1.070000000000000000e+02 5.600000000000000000e+02 1.030000000000000000e+02 3.460000000000000000e+02 8.900000000000000000e+01 0.000000000000000000e+00 0.000000000000000000e+00 1.000000000000000000e+00
1.920000000000000000e+02 1.490000000000000000e+02 1.710000000000000000e+02 5.300000000000000000e+01 1.070000000000000000e+02 5.600000000000000000e+02 1.030000000000000000e+02 3.460000000000000000e+02 8.900000000000000000e+01 0.000000000000000000e+00 0.000000000000000000e+00 1.000000000000000000e+00
1.920000000000000000e+02 1.490000000000000000e+02 1.710000000000000000e+02 5.300000000000000000e+01 1.070000000000000000e+02 5.600000000000000000e+02 1.030000000000000000e+02 3.460000000000000000e+02 8.900000000000000000e+01 0.000000000000000000e+00 0.000000000000000000e+00 1.000000000000000000e+00
1.920000000000000000e+02 1.490000000000000000e+02 1.710000000000000000e+02 5.300000000000000000e+01 1.070000000000000000e+02 5.600000000000000000e+02 1.030000000000000000e+02 3.460000000000000000e+02 8.900000000000000000e+01 0.000000000000000000e+00 0.000000000000000000e+00 1.000000000000000000e+00
1.900000000000000000e+02 1.500000000000000000e+02 1.700000000000000000e+02 6.600000000000000000e+01 5.500000000000000000e+01 6.420000000000000000e+02 1.510000000000000000e+02 3.170000000000000000e+02 1.440000000000000000e+02 0.000000000000000000e+00 0.000000000000000000e+00 1.000000000000000000e+00
1.900000000000000000e+02 1.500000000000000000e+02 1.700000000000000000e+02 6.600000000000000000e+01 5.500000000000000000e+01 6.420000000000000000e+02 1.510000000000000000e+02 3.170000000000000000e+02 1.440000000000000000e+02 0.000000000000000000e+00 0.000000000000000000e+00 1.000000000000000000e+00
1.900000000000000000e+02 1.500000000000000000e+02 1.700000000000000000e+02 6.600000000000000000e+01 5.500000000000000000e+01 6.420000000000000000e+02 1.510000000000000000e+02 3.170000000000000000e+02 1.440000000000000000e+02 0.000000000000000000e+00 0.000000000000000000e+00 1.000000000000000000e+00
1.900000000000000000e+02 1.500000000000000000e+02 1.700000000000000000e+02 6.600000000000000000e+01 5.500000000000000000e+01 6.420000000000000000e+02 1.510000000000000000e+02 3.170000000000000000e+02 1.440000000000000000e+02 0.000000000000000000e+00 0.000000000000000000e+00 1.000000000000000000e+00
1.900000000000000000e+02 1.500000000000000000e+02 1.700000000000000000e+02 6.600000000000000000e+01 5.500000000000000000e+01 6.420000000000000000e+02 1.510000000000000000e+02 3.170000000000000000e+02 1.440000000000000000e+02 0.000000000000000000e+00 0.000000000000000000e+00 1.000000000000000000e+00
1.900000000000000000e+02 1.500000000000000000e+02 1.700000000000000000e+02 6.600000000000000000e+01 5.500000000000000000e+01 6.420000000000000000e+02 1.510000000000000000e+02 3.170000000000000000e+02 1.440000000000000000e+02 0.000000000000000000e+00 0.000000000000000000e+00 1.000000000000000000e+00
1.900000000000000000e+02 1.500000000000000000e+02 1.700000000000000000e+02 6.600000000000000000e+01 5.500000000000000000e+01 6.420000000000000000e+02 1.510000000000000000e+02 3.170000000000000000e+02 1.440000000000000000e+02 0.000000000000000000e+00 0.000000000000000000e+00 1.000000000000000000e+00
1.900000000000000000e+02 1.500000000000000000e+02 1.700000000000000000e+02 6.600000000000000000e+01 5.500000000000000000e+01 6.420000000000000000e+02 1.510000000000000000e+02 3.170000000000000000e+02 1.440000000000000000e+02 0.000000000000000000e+00 0.000000000000000000e+00 1.000000000000000000e+00
1.900000000000000000e+02 1.500000000000000000e+02 1.700000000000000000e+02 6.600000000000000000e+01 5.500000000000000000e+01 6.420000000000000000e+02 1.510000000000000000e+02 3.170000000000000000e+02 1.440000000000000000e+02 0.000000000000000000e+00 0.000000000000000000e+00 1.000000000000000000e+00
1.770000000000000000e+02 1.490000000000000000e+02 1.650000000000000000e+02 5.800000000000000000e+01 6.600000000000000000e+01 4.950000000000000000e+02 9.800000000000000000e+01 2.590000000000000000e+02 9.400000000000000000e+01 0.000000000000000000e+00 0.000000000000000000e+00 1.000000000000000000e+00
1.770000000000000000e+02 1.490000000000000000e+02 1.650000000000000000e+02 5.800000000000000000e+01 6.600000000000000000e+01 4.950000000000000000e+02 9.800000000000000000e+01 2.590000000000000000e+02 9.400000000000000000e+01 0.000000000000000000e+00 0.000000000000000000e+00 1.000000000000000000e+00
1.770000000000000000e+02 1.490000000000000000e+02 1.650000000000000000e+02 5.800000000000000000e+01 6.600000000000000000e+01 4.950000000000000000e+02 9.800000000000000000e+01 2.590000000000000000e+02 9.400000000000000000e+01 0.000000000000000000e+00 0.000000000000000000e+00 1.000000000000000000e+00
1.770000000000000000e+02 1.490000000000000000e+02 1.650000000000000000e+02 5.800000000000000000e+01 6.600000000000000000e+01 4.950000000000000000e+02 9.800000000000000000e+01 2.590000000000000000e+02 9.400000000000000000e+01 0.000000000000000000e+00 0.000000000000000000e+00 1.000000000000000000e+00
2.070000000000000000e+02 1.540000000000000000e+02 1.660000000000000000e+02 7.000000000000000000e+01 6.100000000000000000e+01 7.150000000000000000e+02 2.020000000000000000e+02 3.420000000000000000e+02 1.460000000000000000e+02 0.000000000000000000e+00 0.000000000000000000e+00 1.000000000000000000e+00
2.070000000000000000e+02 1.540000000000000000e+02 1.660000000000000000e+02 7.000000000000000000e+01 6.100000000000000000e+01 7.150000000000000000e+02 2.020000000000000000e+02 3.420000000000000000e+02 1.460000000000000000e+02 0.000000000000000000e+00 0.000000000000000000e+00 1.000000000000000000e+00
2.070000000000000000e+02 1.540000000000000000e+02 1.660000000000000000e+02 7.000000000000000000e+01 6.100000000000000000e+01 7.150000000000000000e+02 2.020000000000000000e+02 3.420000000000000000e+02 1.460000000000000000e+02 0.000000000000000000e+00 0.000000000000000000e+00 1.000000000000000000e+00
2.070000000000000000e+02 1.540000000000000000e+02 1.660000000000000000e+02 7.000000000000000000e+01 6.100000000000000000e+01 7.150000000000000000e+02 2.020000000000000000e+02 3.420000000000000000e+02 1.460000000000000000e+02 0.000000000000000000e+00 0.000000000000000000e+00 1.000000000000000000e+00
2.070000000000000000e+02 1.540000000000000000e+02 1.660000000000000000e+02 7.000000000000000000e+01 6.100000000000000000e+01 7.150000000000000000e+02 2.020000000000000000e+02 3.420000000000000000e+02 1.460000000000000000e+02 0.000000000000000000e+00 0.000000000000000000e+00 1.000000000000000000e+00
1.910000000000000000e+02 1.510000000000000000e+02 1.650000000000000000e+02 5.600000000000000000e+01 1.720000000000000000e+02 4.970000000000000000e+02 1.020000000000000000e+02 3.130000000000000000e+02 7.800000000000000000e+01 0.000000000000000000e+00 0.000000000000000000e+00 1.000000000000000000e+00
1.910000000000000000e+02 1.510000000000000000e+02 1.650000000000000000e+02 5.600000000000000000e+01 1.720000000000000000e+02 4.970000000000000000e+02 1.020000000000000000e+02 3.130000000000000000e+02 7.800000000000000000e+01 0.000000000000000000e+00 0.000000000000000000e+00 1.000000000000000000e+00
1.910000000000000000e+02 1.510000000000000000e+02 1.650000000000000000e+02 5.600000000000000000e+01 1.720000000000000000e+02 4.970000000000000000e+02 1.020000000000000000e+02 3.130000000000000000e+02 7.800000000000000000e+01 0.000000000000000000e+00 0.000000000000000000e+00 1.000000000000000000e+00
1.910000000000000000e+02 1.510000000000000000e+02 1.650000000000000000e+02 5.600000000000000000e+01 1.720000000000000000e+02 4.970000000000000000e+02 1.020000000000000000e+02 3.130000000000000000e+02 7.800000000000000000e+01 0.000000000000000000e+00 0.000000000000000000e+00 1.000000000000000000e+00
1.510000000000000000e+02 1.640000000000000000e+02 1.600000000000000000e+02 7.200000000000000000e+01 4.200000000000000000e+02 6.200000000000000000e+01 2.340000000000000000e+02 8.400000000000000000e+01 6.600000000000000000e+01 0.000000000000000000e+00 0.000000000000000000e+00 1.000000000000000000e+00
1.760000000000000000e+02 1.490000000000000000e+02 1.620000000000000000e+02 5.800000000000000000e+01 8.400000000000000000e+01 5.430000000000000000e+02 1.230000000000000000e+02 2.990000000000000000e+02 9.100000000000000000e+01 0.000000000000000000e+00 0.000000000000000000e+00 1.000000000000000000e+00
1.760000000000000000e+02 1.490000000000000000e+02 1.620000000000000000e+02 5.800000000000000000e+01 8.400000000000000000e+01 5.430000000000000000e+02 1.230000000000000000e+02 2.990000000000000000e+02 9.100000000000000000e+01 0.000000000000000000e+00 0.000000000000000000e+00 1.000000000000000000e+00
2.290000000000000000e+02 1.570000000000000000e+02 1.620000000000000000e+02 7.600000000000000000e+01 1.190000000000000000e+02 7.480000000000000000e+02 2.050000000000000000e+02 3.990000000000000000e+02 9.100000000000000000e+01 0.000000000000000000e+00 0.000000000000000000e+00 1.000000000000000000e+00
2.290000000000000000e+02 1.570000000000000000e+02 1.620000000000000000e+02 7.600000000000000000e+01 1.190000000000000000e+02 7.480000000000000000e+02 2.050000000000000000e+02 3.990000000000000000e+02 9.100000000000000000e+01 0.000000000000000000e+00 0.000000000000000000e+00 1.000000000000000000e+00
2.290000000000000000e+02 1.570000000000000000e+02 1.620000000000000000e+02 7.600000000000000000e+01 1.190000000000000000e+02 7.480000000000000000e+02 2.050000000000000000e+02 3.990000000000000000e+02 9.100000000000000000e+01 0.000000000000000000e+00 0.000000000000000000e+00 1.000000000000000000e+00
2.170000000000000000e+02 1.600000000000000000e+02 1.630000000000000000e+02 6.800000000000000000e+01 1.810000000000000000e+02 5.840000000000000000e+02 1.310000000000000000e+02 3.740000000000000000e+02 7.600000000000000000e+01 0.000000000000000000e+00 0.000000000000000000e+00 1.000000000000000000e+00
1.720000000000000000e+02 1.500000000000000000e+02 1.680000000000000000e+02 5.400000000000000000e+01 1.470000000000000000e+02 4.650000000000000000e+02 9.300000000000000000e+01 2.890000000000000000e+02 8.100000000000000000e+01 0.000000000000000000e+00 0.000000000000000000e+00 1.000000000000000000e+00
1.540000000000000000e+02 1.650000000000000000e+02 1.630000000000000000e+02 1.240000000000000000e+02 4.170000000000000000e+02 5.700000000000000000e+01 2.560000000000000000e+02 7.900000000000000000e+01 6.800000000000000000e+01 0.000000000000000000e+00 0.000000000000000000e+00 1.000000000000000000e+00
1.540000000000000000e+02 1.650000000000000000e+02 1.630000000000000000e+02 1.240000000000000000e+02 4.170000000000000000e+02 5.700000000000000000e+01 2.560000000000000000e+02 7.900000000000000000e+01 6.800000000000000000e+01 0.000000000000000000e+00 0.000000000000000000e+00 1.000000000000000000e+00
1.540000000000000000e+02 1.650000000000000000e+02 1.630000000000000000e+02 1.240000000000000000e+02 4.170000000000000000e+02 5.700000000000000000e+01 2.560000000000000000e+02 7.900000000000000000e+01 6.800000000000000000e+01 0.000000000000000000e+00 0.000000000000000000e+00 1.000000000000000000e+00
1.720000000000000000e+02 1.500000000000000000e+02 1.650000000000000000e+02 5.700000000000000000e+01 7.400000000000000000e+01 4.800000000000000000e+02 8.900000000000000000e+01 2.270000000000000000e+02 9.100000000000000000e+01 0.000000000000000000e+00 0.000000000000000000e+00 1.000000000000000000e+00
1.750000000000000000e+02 1.520000000000000000e+02 1.640000000000000000e+02 5.900000000000000000e+01 8.300000000000000000e+01 5.370000000000000000e+02 1.020000000000000000e+02 2.990000000000000000e+02 9.100000000000000000e+01 0.000000000000000000e+00 0.000000000000000000e+00 1.000000000000000000e+00
1.750000000000000000e+02 1.520000000000000000e+02 1.640000000000000000e+02 5.900000000000000000e+01 8.300000000000000000e+01 5.370000000000000000e+02 1.020000000000000000e+02 2.990000000000000000e+02 9.100000000000000000e+01 0.000000000000000000e+00 0.000000000000000000e+00 1.000000000000000000e+00
1.750000000000000000e+02 1.520000000000000000e+02 1.640000000000000000e+02 5.900000000000000000e+01 8.300000000000000000e+01 5.370000000000000000e+02 1.020000000000000000e+02 2.990000000000000000e+02 9.100000000000000000e+01 0.000000000000000000e+00 0.000000000000000000e+00 1.000000000000000000e+00
2.690000000000000000e+02 1.660000000000000000e+02 1.590000000000000000e+02 9.700000000000000000e+01 1.240000000000000000e+02 8.290000000000000000e+02 2.490000000000000000e+02 4.730000000000000000e+02 8.200000000000000000e+01 0.000000000000000000e+00 0.000000000000000000e+00 1.000000000000000000e+00
2.690000000000000000e+02 1.660000000000000000e+02 1.590000000000000000e+02 9.700000000000000000e+01 1.240000000000000000e+02 8.290000000000000000e+02 2.490000000000000000e+02 4.730000000000000000e+02 8.200000000000000000e+01 0.000000000000000000e+00 0.000000000000000000e+00 1.000000000000000000e+00
2.690000000000000000e+02 1.660000000000000000e+02 1.590000000000000000e+02 9.700000000000000000e+01 1.240000000000000000e+02 8.290000000000000000e+02 2.490000000000000000e+02 4.730000000000000000e+02 8.200000000000000000e+01 0.000000000000000000e+00 0.000000000000000000e+00 1.000000000000000000e+00
2.690000000000000000e+02 1.660000000000000000e+02 1.590000000000000000e+02 9.700000000000000000e+01 1.240000000000000000e+02 8.290000000000000000e+02 2.490000000000000000e+02 4.730000000000000000e+02 8.200000000000000000e+01 0.000000000000000000e+00 0.000000000000000000e+00 1.000000000000000000e+00
2.690000000000000000e+02 1.660000000000000000e+02 1.590000000000000000e+02 9.700000000000000000e+01 1.240000000000000000e+02 8.290000000000000000e+02 2.490000000000000000e+02 4.730000000000000000e+02 8.200000000000000000e+01 0.000000000000000000e+00 0.000000000000000000e+00 1.000000000000000000e+00
2.150000000000000000e+02 1.660000000000000000e+02 1.600000000000000000e+02 7.000000000000000000e+01 1.840000000000000000e+02 5.840000000000000000e+02 1.750000000000000000e+02 3.720000000000000000e+02 7.100000000000000000e+01 0.000000000000000000e+00 0.000000000000000000e+00 1.000000000000000000e+00
2.150000000000000000e+02 1.660000000000000000e+02 1.600000000000000000e+02 7.000000000000000000e+01 1.840000000000000000e+02 5.840000000000000000e+02 1.750000000000000000e+02 3.720000000000000000e+02 7.100000000000000000e+01 0.000000000000000000e+00 0.000000000000000000e+00 1.000000000000000000e+00
2.150000000000000000e+02 1.660000000000000000e+02 1.600000000000000000e+02 7.000000000000000000e+01 1.840000000000000000e+02 5.840000000000000000e+02 1.750000000000000000e+02 3.720000000000000000e+02 7.100000000000000000e+01 0.000000000000000000e+00 0.000000000000000000e+00 1.000000000000000000e+00
1.660000000000000000e+02 1.500000000000000000e+02 1.660000000000000000e+02 8.100000000000000000e+01 1.310000000000000000e+02 3.580000000000000000e+02 1.980000000000000000e+02 1.180000000000000000e+02 8.100000000000000000e+01 0.000000000000000000e+00 0.000000000000000000e+00 1.000000000000000000e+00
1.650000000000000000e+02 1.520000000000000000e+02 1.580000000000000000e+02 6.600000000000000000e+01 8.300000000000000000e+01 5.310000000000000000e+02 1.610000000000000000e+02 2.010000000000000000e+02 8.900000000000000000e+01 0.000000000000000000e+00 0.000000000000000000e+00 1.000000000000000000e+00
1.650000000000000000e+02 1.520000000000000000e+02 1.580000000000000000e+02 6.600000000000000000e+01 8.300000000000000000e+01 5.310000000000000000e+02 1.610000000000000000e+02 2.010000000000000000e+02 8.900000000000000000e+01 0.000000000000000000e+00 0.000000000000000000e+00 1.000000000000000000e+00
1.650000000000000000e+02 1.520000000000000000e+02 1.580000000000000000e+02 6.600000000000000000e+01 8.300000000000000000e+01 5.310000000000000000e+02 1.610000000000000000e+02 2.010000000000000000e+02 8.900000000000000000e+01 0.000000000000000000e+00 0.000000000000000000e+00 1.000000000000000000e+00
2.600000000000000000e+02 1.670000000000000000e+02 1.550000000000000000e+02 7.500000000000000000e+01 9.300000000000000000e+01 8.180000000000000000e+02 2.080000000000000000e+02 4.820000000000000000e+02 8.900000000000000000e+01 0.000000000000000000e+00 0.000000000000000000e+00 1.000000000000000000e+00
2.600000000000000000e+02 1.670000000000000000e+02 1.550000000000000000e+02 7.500000000000000000e+01 9.300000000000000000e+01 8.180000000000000000e+02 2.080000000000000000e+02 4.820000000000000000e+02 8.900000000000000000e+01 0.000000000000000000e+00 0.000000000000000000e+00 1.000000000000000000e+00
2.600000000000000000e+02 1.670000000000000000e+02 1.550000000000000000e+02 7.500000000000000000e+01 9.300000000000000000e+01 8.180000000000000000e+02 2.080000000000000000e+02 4.820000000000000000e+02 8.900000000000000000e+01 0.000000000000000000e+00 0.000000000000000000e+00 1.000000000000000000e+00
2.600000000000000000e+02 1.670000000000000000e+02 1.550000000000000000e+02 7.500000000000000000e+01 9.300000000000000000e+01 8.180000000000000000e+02 2.080000000000000000e+02 4.820000000000000000e+02 8.900000000000000000e+01 0.000000000000000000e+00 0.000000000000000000e+00 1.000000000000000000e+00
2.600000000000000000e+02 1.670000000000000000e+02 1.550000000000000000e+02 7.500000000000000000e+01 9.300000000000000000e+01 8.180000000000000000e+02 2.080000000000000000e+02 4.820000000000000000e+02 8.900000000000000000e+01 0.000000000000000000e+00 0.000000000000000000e+00 1.000000000000000000e+00
2.600000000000000000e+02 1.670000000000000000e+02 1.550000000000000000e+02 7.500000000000000000e+01 9.300000000000000000e+01 8.180000000000000000e+02 2.080000000000000000e+02 4.820000000000000000e+02 8.900000000000000000e+01 0.000000000000000000e+00 0.000000000000000000e+00 1.000000000000000000e+00
2.600000000000000000e+02 1.670000000000000000e+02 1.550000000000000000e+02 7.500000000000000000e+01 9.300000000000000000e+01 8.180000000000000000e+02 2.080000000000000000e+02 4.820000000000000000e+02 8.900000000000000000e+01 0.000000000000000000e+00 0.000000000000000000e+00 1.000000000000000000e+00
2.600000000000000000e+02 1.670000000000000000e+02 1.550000000000000000e+02 7.500000000000000000e+01 9.300000000000000000e+01 8.180000000000000000e+02 2.080000000000000000e+02 4.820000000000000000e+02 8.900000000000000000e+01 0.000000000000000000e+00 0.000000000000000000e+00 1.000000000000000000e+00
1.940000000000000000e+02 1.640000000000000000e+02 1.570000000000000000e+02 5.100000000000000000e+01 1.590000000000000000e+02 6.130000000000000000e+02 9.600000000000000000e+01 3.860000000000000000e+02 7.800000000000000000e+01 0.000000000000000000e+00 0.000000000000000000e+00 1.000000000000000000e+00
1.940000000000000000e+02 1.640000000000000000e+02 1.570000000000000000e+02 5.100000000000000000e+01 1.590000000000000000e+02 6.130000000000000000e+02 9.600000000000000000e+01 3.860000000000000000e+02 7.800000000000000000e+01 0.000000000000000000e+00 0.000000000000000000e+00 1.000000000000000000e+00
1.940000000000000000e+02 1.640000000000000000e+02 1.570000000000000000e+02 5.100000000000000000e+01 1.590000000000000000e+02 6.130000000000000000e+02 9.600000000000000000e+01 3.860000000000000000e+02 7.800000000000000000e+01 0.000000000000000000e+00 0.000000000000000000e+00 1.000000000000000000e+00
1.940000000000000000e+02 1.640000000000000000e+02 1.570000000000000000e+02 5.100000000000000000e+01 1.590000000000000000e+02 6.130000000000000000e+02 9.600000000000000000e+01 3.860000000000000000e+02 7.800000000000000000e+01 0.000000000000000000e+00 0.000000000000000000e+00 1.000000000000000000e+00
1.940000000000000000e+02 1.640000000000000000e+02 1.570000000000000000e+02 5.100000000000000000e+01 1.590000000000000000e+02 6.130000000000000000e+02 9.600000000000000000e+01 3.860000000000000000e+02 7.800000000000000000e+01 0.000000000000000000e+00 0.000000000000000000e+00 1.000000000000000000e+00
3.230000000000000000e+02 1.740000000000000000e+02 1.560000000000000000e+02 7.700000000000000000e+01 1.130000000000000000e+02 1.001000000000000000e+03 2.830000000000000000e+02 5.890000000000000000e+02 1.340000000000000000e+02 0.000000000000000000e+00 0.000000000000000000e+00 1.000000000000000000e+00
3.230000000000000000e+02 1.740000000000000000e+02 1.560000000000000000e+02 7.700000000000000000e+01 1.130000000000000000e+02 1.001000000000000000e+03 2.830000000000000000e+02 5.890000000000000000e+02 1.340000000000000000e+02 0.000000000000000000e+00 0.000000000000000000e+00 1.000000000000000000e+00
3.230000000000000000e+02 1.740000000000000000e+02 1.560000000000000000e+02 7.700000000000000000e+01 1.130000000000000000e+02 1.001000000000000000e+03 2.830000000000000000e+02 5.890000000000000000e+02 1.340000000000000000e+02 0.000000000000000000e+00 0.000000000000000000e+00 1.000000000000000000e+00
3.230000000000000000e+02 1.740000000000000000e+02 1.560000000000000000e+02 7.700000000000000000e+01 1.130000000000000000e+02 1.001000000000000000e+03 2.830000000000000000e+02 5.890000000000000000e+02 1.340000000000000000e+02 0.000000000000000000e+00 0.000000000000000000e+00 1.000000000000000000e+00
3.230000000000000000e+02 1.740000000000000000e+02 1.560000000000000000e+02 7.700000000000000000e+01 1.130000000000000000e+02 1.001000000000000000e+03 2.830000000000000000e+02 5.890000000000000000e+02 1.340000000000000000e+02 0.000000000000000000e+00 0.000000000000000000e+00 1.000000000000000000e+00
3.230000000000000000e+02 1.740000000000000000e+02 1.560000000000000000e+02 7.700000000000000000e+01 1.130000000000000000e+02 1.001000000000000000e+03 2.830000000000000000e+02 5.890000000000000000e+02 1.340000000000000000e+02 0.000000000000000000e+00 0.000000000000000000e+00 1.000000000000000000e+00
3.230000000000000000e+02 1.740000000000000000e+02 1.560000000000000000e+02 7.700000000000000000e+01 1.130000000000000000e+02 1.001000000000000000e+03 2.830000000000000000e+02 5.890000000000000000e+02 1.340000000000000000e+02 0.000000000000000000e+00 0.000000000000000000e+00 1.000000000000000000e+00
3.230000000000000000e+02 1.740000000000000000e+02 1.560000000000000000e+02 7.700000000000000000e+01 1.130000000000000000e+02 1.001000000000000000e+03 2.830000000000000000e+02 5.890000000000000000e+02 1.340000000000000000e+02 0.000000000000000000e+00 0.000000000000000000e+00 1.000000000000000000e+00
3.230000000000000000e+02 1.740000000000000000e+02 1.560000000000000000e+02 7.700000000000000000e+01 1.130000000000000000e+02 1.001000000000000000e+03 2.830000000000000000e+02 5.890000000000000000e+02 1.340000000000000000e+02 0.000000000000000000e+00 0.000000000000000000e+00 1.000000000000000000e+00
1.860000000000000000e+02 1.650000000000000000e+02 1.510000000000000000e+02 5.500000000000000000e+01 1.110000000000000000e+02 6.060000000000000000e+02 9.200000000000000000e+01 3.830000000000000000e+02 8.200000000000000000e+01 0.000000000000000000e+00 0.000000000000000000e+00 1.000000000000000000e+00
1.860000000000000000e+02 1.650000000000000000e+02 1.510000000000000000e+02 5.500000000000000000e+01 1.110000000000000000e+02 6.060000000000000000e+02 9.200000000000000000e+01 3.830000000000000000e+02 8.200000000000000000e+01 0.000000000000000000e+00 0.000000000000000000e+00 1.000000000000000000e+00
1.860000000000000000e+02 1.650000000000000000e+02 1.510000000000000000e+02 5.500000000000000000e+01 1.110000000000000000e+02 6.060000000000000000e+02 9.200000000000000000e+01 3.830000000000000000e+02 8.200000000000000000e+01 0.000000000000000000e+00 0.000000000000000000e+00 1.000000000000000000e+00
2.580000000000000000e+02 1.960000000000000000e+02 1.580000000000000000e+02 6.700000000000000000e+01 5.900000000000000000e+01 8.970000000000000000e+02 3.040000000000000000e+02 4.780000000000000000e+02 3.300000000000000000e+02 0.000000000000000000e+00 0.000000000000000000e+00 1.000000000000000000e+00
2.580000000000000000e+02 1.960000000000000000e+02 1.580000000000000000e+02 6.700000000000000000e+01 5.900000000000000000e+01 8.970000000000000000e+02 3.040000000000000000e+02 4.780000000000000000e+02 3.300000000000000000e+02 0.000000000000000000e+00 0.000000000000000000e+00 1.000000000000000000e+00
2.580000000000000000e+02 1.960000000000000000e+02 1.580000000000000000e+02 6.700000000000000000e+01 5.900000000000000000e+01 8.970000000000000000e+02 3.040000000000000000e+02 4.780000000000000000e+02 3.300000000000000000e+02 0.000000000000000000e+00 0.000000000000000000e+00 1.000000000000000000e+00
2.580000000000000000e+02 1.960000000000000000e+02 1.580000000000000000e+02 6.700000000000000000e+01 5.900000000000000000e+01 8.970000000000000000e+02 3.040000000000000000e+02 4.780000000000000000e+02 3.300000000000000000e+02 0.000000000000000000e+00 0.000000000000000000e+00 1.000000000000000000e+00
2.580000000000000000e+02 1.960000000000000000e+02 1.580000000000000000e+02 6.700000000000000000e+01 5.900000000000000000e+01 8.970000000000000000e+02 3.040000000000000000e+02 4.780000000000000000e+02 3.300000000000000000e+02 0.000000000000000000e+00 0.000000000000000000e+00 1.000000000000000000e+00
2.580000000000000000e+02 1.960000000000000000e+02 1.580000000000000000e+02 6.700000000000000000e+01 5.900000000000000000e+01 8.970000000000000000e+02 3.040000000000000000e+02 4.780000000000000000e+02 3.300000000000000000e+02 0.000000000000000000e+00 0.000000000000000000e+00 1.000000000000000000e+00
5.900000000000000000e+02 3.040000000000000000e+02 1.590000000000000000e+02 1.100000000000000000e+02 2.290000000000000000e+02 1.607000000000000000e+03 5.020000000000000000e+02 1.031000000000000000e+03 3.780000000000000000e+02 0.000000000000000000e+00 0.000000000000000000e+00 1.000000000000000000e+00
5.900000000000000000e+02 3.040000000000000000e+02 1.590000000000000000e+02 1.100000000000000000e+02 2.290000000000000000e+02 1.607000000000000000e+03 5.020000000000000000e+02 1.031000000000000000e+03 3.780000000000000000e+02 0.000000000000000000e+00 0.000000000000000000e+00 1.000000000000000000e+00
5.900000000000000000e+02 3.040000000000000000e+02 1.590000000000000000e+02 1.100000000000000000e+02 2.290000000000000000e+02 1.607000000000000000e+03 5.020000000000000000e+02 1.031000000000000000e+03 3.780000000000000000e+02 0.000000000000000000e+00 0.000000000000000000e+00 1.000000000000000000e+00
5.900000000000000000e+02 3.040000000000000000e+02 1.590000000000000000e+02 1.100000000000000000e+02 2.290000000000000000e+02 1.607000000000000000e+03 5.020000000000000000e+02 1.031000000000000000e+03 3.780000000000000000e+02 0.000000000000000000e+00 0.000000000000000000e+00 1.000000000000000000e+00
2.280000000000000000e+02 1.580000000000000000e+02 1.660000000000000000e+02 6.200000000000000000e+01 1.770000000000000000e+02 5.700000000000000000e+02 8.900000000000000000e+01 4.280000000000000000e+02 7.800000000000000000e+01 0.000000000000000000e+00 0.000000000000000000e+00 1.000000000000000000e+00
2.130000000000000000e+02 1.600000000000000000e+02 1.580000000000000000e+02 5.200000000000000000e+01 1.030000000000000000e+02 6.460000000000000000e+02 8.500000000000000000e+01 4.230000000000000000e+02 9.600000000000000000e+01 0.000000000000000000e+00 0.000000000000000000e+00 1.000000000000000000e+00
2.130000000000000000e+02 1.600000000000000000e+02 1.580000000000000000e+02 5.200000000000000000e+01 1.030000000000000000e+02 6.460000000000000000e+02 8.500000000000000000e+01 4.230000000000000000e+02 9.600000000000000000e+01 0.000000000000000000e+00 0.000000000000000000e+00 1.000000000000000000e+00
2.500000000000000000e+02 1.610000000000000000e+02 1.610000000000000000e+02 6.400000000000000000e+01 6.500000000000000000e+01 8.000000000000000000e+02 1.980000000000000000e+02 4.520000000000000000e+02 3.410000000000000000e+02 0.000000000000000000e+00 0.000000000000000000e+00 1.000000000000000000e+00
2.500000000000000000e+02 1.610000000000000000e+02 1.610000000000000000e+02 6.400000000000000000e+01 6.500000000000000000e+01 8.000000000000000000e+02 1.980000000000000000e+02 4.520000000000000000e+02 3.410000000000000000e+02 0.000000000000000000e+00 0.000000000000000000e+00 1.000000000000000000e+00
2.500000000000000000e+02 1.610000000000000000e+02 1.610000000000000000e+02 6.400000000000000000e+01 6.500000000000000000e+01 8.000000000000000000e+02 1.980000000000000000e+02 4.520000000000000000e+02 3.410000000000000000e+02 0.000000000000000000e+00 0.000000000000000000e+00 1.000000000000000000e+00
2.500000000000000000e+02 1.610000000000000000e+02 1.610000000000000000e+02 6.400000000000000000e+01 6.500000000000000000e+01 8.000000000000000000e+02 1.980000000000000000e+02 4.520000000000000000e+02 3.410000000000000000e+02 0.000000000000000000e+00 0.000000000000000000e+00 1.000000000000000000e+00
2.500000000000000000e+02 1.610000000000000000e+02 1.610000000000000000e+02 6.400000000000000000e+01 6.500000000000000000e+01 8.000000000000000000e+02 1.980000000000000000e+02 4.520000000000000000e+02 3.410000000000000000e+02 0.000000000000000000e+00 0.000000000000000000e+00 1.000000000000000000e+00
2.500000000000000000e+02 1.610000000000000000e+02 1.610000000000000000e+02 6.400000000000000000e+01 6.500000000000000000e+01 8.000000000000000000e+02 1.980000000000000000e+02 4.520000000000000000e+02 3.410000000000000000e+02 0.000000000000000000e+00 0.000000000000000000e+00 1.000000000000000000e+00
6.360000000000000000e+02 3.090000000000000000e+02 1.640000000000000000e+02 1.230000000000000000e+02 9.700000000000000000e+01 1.749000000000000000e+03 5.150000000000000000e+02 1.085000000000000000e+03 6.490000000000000000e+02 0.000000000000000000e+00 0.000000000000000000e+00 1.000000000000000000e+00
6.360000000000000000e+02 3.090000000000000000e+02 1.640000000000000000e+02 1.230000000000000000e+02 9.700000000000000000e+01 1.749000000000000000e+03 5.150000000000000000e+02 1.085000000000000000e+03 6.490000000000000000e+02 0.000000000000000000e+00 0.000000000000000000e+00 1.000000000000000000e+00
6.360000000000000000e+02 3.090000000000000000e+02 1.640000000000000000e+02 1.230000000000000000e+02 9.700000000000000000e+01 1.749000000000000000e+03 5.150000000000000000e+02 1.085000000000000000e+03 6.490000000000000000e+02 0.000000000000000000e+00 0.000000000000000000e+00 1.000000000000000000e+00
6.360000000000000000e+02 3.090000000000000000e+02 1.640000000000000000e+02 1.230000000000000000e+02 9.700000000000000000e+01 1.749000000000000000e+03 5.150000000000000000e+02 1.085000000000000000e+03 6.490000000000000000e+02 0.000000000000000000e+00 0.000000000000000000e+00 1.000000000000000000e+00
6.360000000000000000e+02 3.090000000000000000e+02 1.640000000000000000e+02 1.230000000000000000e+02 9.700000000000000000e+01 1.749000000000000000e+03 5.150000000000000000e+02 1.085000000000000000e+03 6.490000000000000000e+02 0.000000000000000000e+00 0.000000000000000000e+00 1.000000000000000000e+00
6.360000000000000000e+02 3.090000000000000000e+02 1.640000000000000000e+02 1.230000000000000000e+02 9.700000000000000000e+01 1.749000000000000000e+03 5.150000000000000000e+02 1.085000000000000000e+03 6.490000000000000000e+02 0.000000000000000000e+00 0.000000000000000000e+00 1.000000000000000000e+00
6.360000000000000000e+02 3.090000000000000000e+02 1.640000000000000000e+02 1.230000000000000000e+02 9.700000000000000000e+01 1.749000000000000000e+03 5.150000000000000000e+02 1.085000000000000000e+03 6.490000000000000000e+02 0.000000000000000000e+00 0.000000000000000000e+00 1.000000000000000000e+00
2.640000000000000000e+02 1.560000000000000000e+02 1.590000000000000000e+02 7.000000000000000000e+01 7.800000000000000000e+01 7.660000000000000000e+02 1.210000000000000000e+02 4.850000000000000000e+02 1.970000000000000000e+02 0.000000000000000000e+00 0.000000000000000000e+00 1.000000000000000000e+00
2.640000000000000000e+02 1.560000000000000000e+02 1.590000000000000000e+02 7.000000000000000000e+01 7.800000000000000000e+01 7.660000000000000000e+02 1.210000000000000000e+02 4.850000000000000000e+02 1.970000000000000000e+02 0.000000000000000000e+00 0.000000000000000000e+00 1.000000000000000000e+00
