3.770000000000000000e+02 -4.000000000000000000e+00 0.000000000000000000e+00 -9.300000000000000000e+01 -8.700000000000000000e+01 9.080000000000000000e+02 -1.300000000000000000e+01 1.533000000000000000e+03 4.060000000000000000e+02 4.060000000000000000e+02 1.533000000000000000e+03 -1.300000000000000000e+01 9.080000000000000000e+02 -8.700000000000000000e+01 -9.300000000000000000e+01 0.000000000000000000e+00 -4.000000000000000000e+00 3.770000000000000000e+02 0.000000000000000000e+00 1.000000000000000000e+00 0.000000000000000000e+00 0.000000000000000000e+00
3.670000000000000000e+02 -7.000000000000000000e+00 -1.400000000000000000e+01 -9.600000000000000000e+01 -9.000000000000000000e+01 8.940000000000000000e+02 -1.400000000000000000e+01 1.490000000000000000e+03 3.900000000000000000e+02 3.900000000000000000e+02 1.490000000000000000e+03 -1.400000000000000000e+01 8.940000000000000000e+02 -9.000000000000000000e+01 -9.600000000000000000e+01 -1.400000000000000000e+01 -7.000000000000000000e+00 3.670000000000000000e+02 0.000000000000000000e+00 1.000000000000000000e+00 0.000000000000000000e+00 0.000000000000000000e+00
3.640000000000000000e+02 -5.000000000000000000e+00 -6.000000000000000000e+00 -9.000000000000000000e+01 -8.300000000000000000e+01 8.880000000000000000e+02 -1.200000000000000000e+01 1.473000000000000000e+03 3.870000000000000000e+02 3.870000000000000000e+02 1.473000000000000000e+03 -1.200000000000000000e+01 8.880000000000000000e+02 -8.300000000000000000e+01 -9.000000000000000000e+01 -6.000000000000000000e+00 -5.000000000000000000e+00 3.640000000000000000e+02 0.000000000000000000e+00 1.000000000000000000e+00 0.000000000000000000e+00 0.000000000000000000e+00
3.610000000000000000e+02 -6.000000000000000000e+00 -9.000000000000000000e+00 -8.800000000000000000e+01 -8.700000000000000000e+01 8.690000000000000000e+02 -1.300000000000000000e+01 1.449000000000000000e+03 3.870000000000000000e+02 3.870000000000000000e+02 1.449000000000000000e+03 -1.300000000000000000e+01 8.690000000000000000e+02 -8.700000000000000000e+01 -8.800000000000000000e+01 -9.000000000000000000e+00 -6.000000000000000000e+00 3.610000000000000000e+02 0.000000000000000000e+00 1.000000000000000000e+00 0.000000000000000000e+00 0.000000000000000000e+00
3.500000000000000000e+02 -1.100000000000000000e+01 -8.000000000000000000e+00 -9.500000000000000000e+01 -8.900000000000000000e+01 8.610000000000000000e+02 -1.100000000000000000e+01 1.422000000000000000e+03 3.900000000000000000e+02 3.900000000000000000e+02 1.422000000000000000e+03 -1.100000000000000000e+01 8.610000000000000000e+02 -8.900000000000000000e+01 -9.500000000000000000e+01 -8.000000000000000000e+00 -1.100000000000000000e+01 3.500000000000000000e+02 0.000000000000000000e+00 1.000000000000000000e+00 0.000000000000000000e+00 0.000000000000000000e+00
3.440000000000000000e+02 -9.000000000000000000e+00 -1.100000000000000000e+01 -9.700000000000000000e+01 -8.800000000000000000e+01 8.510000000000000000e+02 -1.100000000000000000e+01 1.404000000000000000e+03 3.980000000000000000e+02 3.980000000000000000e+02 1.404000000000000000e+03 -1.100000000000000000e+01 8.510000000000000000e+02 -8.800000000000000000e+01 -9.700000000000000000e+01 -1.100000000000000000e+01 -9.000000000000000000e+00 3.440000000000000000e+02 0.000000000000000000e+00 1.000000000000000000e+00 0.000000000000000000e+00 0.000000000000000000e+00
3.440000000000000000e+02 -1.200000000000000000e+01 -1.300000000000000000e+01 -9.100000000000000000e+01 -9.500000000000000000e+01 8.490000000000000000e+02 -1.200000000000000000e+01 1.385000000000000000e+03 3.950000000000000000e+02 3.950000000000000000e+02 1.385000000000000000e+03 -1.200000000000000000e+01 8.490000000000000000e+02 -9.500000000000000000e+01 -9.100000000000000000e+01 -1.300000000000000000e+01 -1.200000000000000000e+01 3.440000000000000000e+02 0.000000000000000000e+00 1.000000000000000000e+00 0.000000000000000000e+00 0.000000000000000000e+00
3.430000000000000000e+02 -1.300000000000000000e+01 -1.400000000000000000e+01 -9.100000000000000000e+01 -9.400000000000000000e+01 8.480000000000000000e+02 -1.200000000000000000e+01 1.390000000000000000e+03 3.990000000000000000e+02 3.990000000000000000e+02 1.390000000000000000e+03 -1.200000000000000000e+01 8.480000000000000000e+02 -9.400000000000000000e+01 -9.100000000000000000e+01 -1.400000000000000000e+01 -1.300000000000000000e+01 3.430000000000000000e+02 0.000000000000000000e+00 1.000000000000000000e+00 0.000000000000000000e+00 0.000000000000000000e+00
3.410000000000000000e+02 -4.000000000000000000e+00 -8.000000000000000000e+00 -8.900000000000000000e+01 -9.600000000000000000e+01 8.520000000000000000e+02 -1.300000000000000000e+01 1.393000000000000000e+03 3.900000000000000000e+02 3.900000000000000000e+02 1.393000000000000000e+03 -1.300000000000000000e+01 8.520000000000000000e+02 -9.600000000000000000e+01 -8.900000000000000000e+01 -8.000000000000000000e+00 -4.000000000000000000e+00 3.410000000000000000e+02 0.000000000000000000e+00 1.000000000000000000e+00 0.000000000000000000e+00 0.000000000000000000e+00
3.410000000000000000e+02 -9.000000000000000000e+00 -6.000000000000000000e+00 -9.300000000000000000e+01 -9.300000000000000000e+01 8.540000000000000000e+02 -1.400000000000000000e+01 1.411000000000000000e+03 3.880000000000000000e+02 3.880000000000000000e+02 1.411000000000000000e+03 -1.400000000000000000e+01 8.540000000000000000e+02 -9.300000000000000000e+01 -9.300000000000000000e+01 -6.000000000000000000e+00 -9.000000000000000000e+00 3.410000000000000000e+02 0.000000000000000000e+00 1.000000000000000000e+00 0.000000000000000000e+00 0.000000000000000000e+00
3.430000000000000000e+02 -8.000000000000000000e+00 -5.000000000000000000e+00 -9.300000000000000000e+01 -8.600000000000000000e+01 8.560000000000000000e+02 -1.400000000000000000e+01 1.412000000000000000e+03 3.900000000000000000e+02 3.900000000000000000e+02 1.412000000000000000e+03 -1.400000000000000000e+01 8.560000000000000000e+02 -8.600000000000000000e+01 -9.300000000000000000e+01 -5.000000000000000000e+00 -8.000000000000000000e+00 3.430000000000000000e+02 0.000000000000000000e+00 1.000000000000000000e+00 0.000000000000000000e+00 0.000000000000000000e+00
3.420000000000000000e+02 -5.000000000000000000e+00 -4.000000000000000000e+00 -9.300000000000000000e+01 -8.900000000000000000e+01 8.570000000000000000e+02 -1.400000000000000000e+01 1.419000000000000000e+03 3.950000000000000000e+02 3.950000000000000000e+02 1.419000000000000000e+03 -1.400000000000000000e+01 8.570000000000000000e+02 -8.900000000000000000e+01 -9.300000000000000000e+01 -4.000000000000000000e+00 -5.000000000000000000e+00 3.420000000000000000e+02 0.000000000000000000e+00 1.000000000000000000e+00 0.000000000000000000e+00 0.000000000000000000e+00
3.410000000000000000e+02 -1.500000000000000000e+01 -4.000000000000000000e+00 -8.600000000000000000e+01 -8.200000000000000000e+01 8.610000000000000000e+02 -1.300000000000000000e+01 1.433000000000000000e+03 3.950000000000000000e+02 3.950000000000000000e+02 1.433000000000000000e+03 -1.300000000000000000e+01 8.610000000000000000e+02 -8.200000000000000000e+01 -8.600000000000000000e+01 -4.000000000000000000e+00 -1.500000000000000000e+01 3.410000000000000000e+02 0.000000000000000000e+00 1.000000000000000000e+00 0.000000000000000000e+00 0.000000000000000000e+00
3.410000000000000000e+02 -8.000000000000000000e+00 -7.000000000000000000e+00 -9.000000000000000000e+01 -9.000000000000000000e+01 8.650000000000000000e+02 -1.500000000000000000e+01 1.426000000000000000e+03 4.160000000000000000e+02 4.160000000000000000e+02 1.426000000000000000e+03 -1.500000000000000000e+01 8.650000000000000000e+02 -9.000000000000000000e+01 -9.000000000000000000e+01 -7.000000000000000000e+00 -8.000000000000000000e+00 3.410000000000000000e+02 0.000000000000000000e+00 1.000000000000000000e+00 0.000000000000000000e+00 0.000000000000000000e+00
3.430000000000000000e+02 -1.000000000000000000e+01 -9.000000000000000000e+00 -8.600000000000000000e+01 -9.500000000000000000e+01 8.720000000000000000e+02 -1.300000000000000000e+01 1.430000000000000000e+03 4.090000000000000000e+02 4.090000000000000000e+02 1.430000000000000000e+03 -1.300000000000000000e+01 8.720000000000000000e+02 -9.500000000000000000e+01 -8.600000000000000000e+01 -9.000000000000000000e+00 -1.000000000000000000e+01 3.430000000000000000e+02 0.000000000000000000e+00 1.000000000000000000e+00 0.000000000000000000e+00 0.000000000000000000e+00
3.420000000000000000e+02 -1.100000000000000000e+01 -1.000000000000000000e+01 -8.300000000000000000e+01 -9.500000000000000000e+01 8.700000000000000000e+02 -1.300000000000000000e+01 1.430000000000000000e+03 4.150000000000000000e+02 4.150000000000000000e+02 1.430000000000000000e+03 -1.300000000000000000e+01 8.700000000000000000e+02 -9.500000000000000000e+01 -8.300000000000000000e+01 -1.000000000000000000e+01 -1.100000000000000000e+01 3.420000000000000000e+02 0.000000000000000000e+00 1.000000000000000000e+00 0.000000000000000000e+00 0.000000000000000000e+00
3.450000000000000000e+02 -1.400000000000000000e+01 -1.100000000000000000e+01 -8.700000000000000000e+01 -9.400000000000000000e+01 8.710000000000000000e+02 -9.000000000000000000e+00 1.429000000000000000e+03 4.190000000000000000e+02 4.190000000000000000e+02 1.429000000000000000e+03 -9.000000000000000000e+00 8.710000000000000000e+02 -9.400000000000000000e+01 -8.700000000000000000e+01 -1.100000000000000000e+01 -1.400000000000000000e+01 3.450000000000000000e+02 0.000000000000000000e+00 1.000000000000000000e+00 0.000000000000000000e+00 0.000000000000000000e+00
3.430000000000000000e+02 -9.000000000000000000e+00 -9.000000000000000000e+00 -8.900000000000000000e+01 -9.000000000000000000e+01 8.700000000000000000e+02 -1.300000000000000000e+01 1.428000000000000000e+03 4.090000000000000000e+02 4.090000000000000000e+02 1.428000000000000000e+03 -1.300000000000000000e+01 8.700000000000000000e+02 -9.000000000000000000e+01 -8.900000000000000000e+01 -9.000000000000000000e+00 -9.000000000000000000e+00 3.430000000000000000e+02 0.000000000000000000e+00 1.000000000000000000e+00 0.000000000000000000e+00 0.000000000000000000e+00
3.440000000000000000e+02 -1.000000000000000000e+01 -4.000000000000000000e+00 -9.400000000000000000e+01 -1.010000000000000000e+02 8.680000000000000000e+02 -8.000000000000000000e+00 1.431000000000000000e+03 4.040000000000000000e+02 4.040000000000000000e+02 1.431000000000000000e+03 -8.000000000000000000e+00 8.680000000000000000e+02 -1.010000000000000000e+02 -9.400000000000000000e+01 -4.000000000000000000e+00 -1.000000000000000000e+01 3.440000000000000000e+02 0.000000000000000000e+00 1.000000000000000000e+00 0.000000000000000000e+00 0.000000000000000000e+00
3.430000000000000000e+02 -5.000000000000000000e+00 -3.000000000000000000e+00 -8.600000000000000000e+01 -9.000000000000000000e+01 8.670000000000000000e+02 -1.400000000000000000e+01 1.432000000000000000e+03 4.070000000000000000e+02 4.070000000000000000e+02 1.432000000000000000e+03 -1.400000000000000000e+01 8.670000000000000000e+02 -9.000000000000000000e+01 -8.600000000000000000e+01 -3.000000000000000000e+00 -5.000000000000000000e+00 3.430000000000000000e+02 0.000000000000000000e+00 1.000000000000000000e+00 0.000000000000000000e+00 0.000000000000000000e+00
3.450000000000000000e+02 -1.200000000000000000e+01 -7.000000000000000000e+00 -9.400000000000000000e+01 -9.400000000000000000e+01 8.610000000000000000e+02 -1.300000000000000000e+01 1.426000000000000000e+03 4.060000000000000000e+02 4.060000000000000000e+02 1.426000000000000000e+03 -1.300000000000000000e+01 8.610000000000000000e+02 -9.400000000000000000e+01 -9.400000000000000000e+01 -7.000000000000000000e+00 -1.200000000000000000e+01 3.450000000000000000e+02 0.000000000000000000e+00 1.000000000000000000e+00 0.000000000000000000e+00 0.000000000000000000e+00
3.460000000000000000e+02 -9.000000000000000000e+00 -1.000000000000000000e+00 -8.500000000000000000e+01 -9.700000000000000000e+01 8.520000000000000000e+02 -1.300000000000000000e+01 1.410000000000000000e+03 4.150000000000000000e+02 4.150000000000000000e+02 1.410000000000000000e+03 -1.300000000000000000e+01 8.520000000000000000e+02 -9.700000000000000000e+01 -8.500000000000000000e+01 -1.000000000000000000e+00 -9.000000000000000000e+00 3.460000000000000000e+02 0.000000000000000000e+00 1.000000000000000000e+00 0.000000000000000000e+00 0.000000000000000000e+00
3.440000000000000000e+02 -4.000000000000000000e+00 -8.000000000000000000e+00 -9.300000000000000000e+01 -9.700000000000000000e+01 8.490000000000000000e+02 -1.600000000000000000e+01 1.400000000000000000e+03 3.960000000000000000e+02 3.960000000000000000e+02 1.400000000000000000e+03 -1.600000000000000000e+01 8.490000000000000000e+02 -9.700000000000000000e+01 -9.300000000000000000e+01 -8.000000000000000000e+00 -4.000000000000000000e+00 3.440000000000000000e+02 0.000000000000000000e+00 1.000000000000000000e+00 0.000000000000000000e+00 0.000000000000000000e+00
3.490000000000000000e+02 -4.000000000000000000e+00 -3.000000000000000000e+00 -8.700000000000000000e+01 -8.700000000000000000e+01 8.460000000000000000e+02 -1.400000000000000000e+01 1.398000000000000000e+03 3.830000000000000000e+02 3.830000000000000000e+02 1.398000000000000000e+03 -1.400000000000000000e+01 8.460000000000000000e+02 -8.700000000000000000e+01 -8.700000000000000000e+01 -3.000000000000000000e+00 -4.000000000000000000e+00 3.490000000000000000e+02 0.000000000000000000e+00 1.000000000000000000e+00 0.000000000000000000e+00 0.000000000000000000e+00
3.460000000000000000e+02 -1.200000000000000000e+01 -1.100000000000000000e+01 -9.300000000000000000e+01 -9.100000000000000000e+01 8.390000000000000000e+02 -1.000000000000000000e+01 1.396000000000000000e+03 3.680000000000000000e+02 3.680000000000000000e+02 1.396000000000000000e+03 -1.000000000000000000e+01 8.390000000000000000e+02 -9.100000000000000000e+01 -9.300000000000000000e+01 -1.100000000000000000e+01 -1.200000000000000000e+01 3.460000000000000000e+02 0.000000000000000000e+00 1.000000000000000000e+00 0.000000000000000000e+00 0.000000000000000000e+00
3.440000000000000000e+02 -9.000000000000000000e+00 -7.000000000000000000e+00 -9.300000000000000000e+01 -9.300000000000000000e+01 8.330000000000000000e+02 -1.100000000000000000e+01 1.391000000000000000e+03 3.720000000000000000e+02 3.720000000000000000e+02 1.391000000000000000e+03 -1.100000000000000000e+01 8.330000000000000000e+02 -9.300000000000000000e+01 -9.300000000000000000e+01 -7.000000000000000000e+00 -9.000000000000000000e+00 3.440000000000000000e+02 0.000000000000000000e+00 1.000000000000000000e+00 0.000000000000000000e+00 0.000000000000000000e+00
3.450000000000000000e+02 -1.200000000000000000e+01 -1.100000000000000000e+01 -9.300000000000000000e+01 -9.200000000000000000e+01 8.350000000000000000e+02 -1.300000000000000000e+01 1.388000000000000000e+03 3.750000000000000000e+02 3.750000000000000000e+02 1.388000000000000000e+03 -1.300000000000000000e+01 8.350000000000000000e+02 -9.200000000000000000e+01 -9.300000000000000000e+01 -1.100000000000000000e+01 -1.200000000000000000e+01 3.450000000000000000e+02 0.000000000000000000e+00 1.000000000000000000e+00 0.000000000000000000e+00 0.000000000000000000e+00
3.450000000000000000e+02 -9.000000000000000000e+00 -4.000000000000000000e+00 -9.000000000000000000e+01 -8.700000000000000000e+01 8.270000000000000000e+02 -1.500000000000000000e+01 1.366000000000000000e+03 3.840000000000000000e+02 3.840000000000000000e+02 1.366000000000000000e+03 -1.500000000000000000e+01 8.270000000000000000e+02 -8.700000000000000000e+01 -9.000000000000000000e+01 -4.000000000000000000e+00 -9.000000000000000000e+00 3.450000000000000000e+02 0.000000000000000000e+00 1.000000000000000000e+00 0.000000000000000000e+00 0.000000000000000000e+00
3.440000000000000000e+02 -7.000000000000000000e+00 -1.300000000000000000e+01 -9.300000000000000000e+01 -8.900000000000000000e+01 8.190000000000000000e+02 -1.100000000000000000e+01 1.353000000000000000e+03 3.860000000000000000e+02 3.860000000000000000e+02 1.353000000000000000e+03 -1.100000000000000000e+01 8.190000000000000000e+02 -8.900000000000000000e+01 -9.300000000000000000e+01 -1.300000000000000000e+01 -7.000000000000000000e+00 3.440000000000000000e+02 0.000000000000000000e+00 1.000000000000000000e+00 0.000000000000000000e+00 0.000000000000000000e+00
3.440000000000000000e+02 -7.000000000000000000e+00 -9.000000000000000000e+00 -9.100000000000000000e+01 -8.800000000000000000e+01 8.070000000000000000e+02 -1.300000000000000000e+01 1.338000000000000000e+03 3.800000000000000000e+02 3.800000000000000000e+02 1.338000000000000000e+03 -1.300000000000000000e+01 8.070000000000000000e+02 -8.800000000000000000e+01 -9.100000000000000000e+01 -9.000000000000000000e+00 -7.000000000000000000e+00 3.440000000000000000e+02 0.000000000000000000e+00 1.000000000000000000e+00 0.000000000000000000e+00 0.000000000000000000e+00
