3.020000000000000000e+02 -1.200000000000000000e+01 -5.000000000000000000e+00 -9.900000000000000000e+01 -9.800000000000000000e+01 7.540000000000000000e+02 -1.300000000000000000e+01 1.190000000000000000e+03 4.380000000000000000e+02 4.380000000000000000e+02 1.190000000000000000e+03 -1.300000000000000000e+01 7.540000000000000000e+02 -9.800000000000000000e+01 -9.900000000000000000e+01 -5.000000000000000000e+00 -1.200000000000000000e+01 3.020000000000000000e+02 0.000000000000000000e+00 0.000000000000000000e+00 0.000000000000000000e+00 1.000000000000000000e+00
3.000000000000000000e+02 -1.200000000000000000e+01 -5.000000000000000000e+00 -9.400000000000000000e+01 -9.500000000000000000e+01 7.500000000000000000e+02 -1.200000000000000000e+01 1.197000000000000000e+03 4.290000000000000000e+02 4.290000000000000000e+02 1.197000000000000000e+03 -1.200000000000000000e+01 7.500000000000000000e+02 -9.500000000000000000e+01 -9.400000000000000000e+01 -5.000000000000000000e+00 -1.200000000000000000e+01 3.000000000000000000e+02 0.000000000000000000e+00 0.000000000000000000e+00 0.000000000000000000e+00 1.000000000000000000e+00
3.000000000000000000e+02 -1.000000000000000000e+01 -9.000000000000000000e+00 -9.300000000000000000e+01 -8.800000000000000000e+01 7.480000000000000000e+02 -1.400000000000000000e+01 1.195000000000000000e+03 4.160000000000000000e+02 4.160000000000000000e+02 1.195000000000000000e+03 -1.400000000000000000e+01 7.480000000000000000e+02 -8.800000000000000000e+01 -9.300000000000000000e+01 -9.000000000000000000e+00 -1.000000000000000000e+01 3.000000000000000000e+02 0.000000000000000000e+00 0.000000000000000000e+00 0.000000000000000000e+00 1.000000000000000000e+00
3.000000000000000000e+02 -8.000000000000000000e+00 -9.000000000000000000e+00 -9.200000000000000000e+01 -8.900000000000000000e+01 7.440000000000000000e+02 -1.500000000000000000e+01 1.194000000000000000e+03 4.060000000000000000e+02 4.060000000000000000e+02 1.194000000000000000e+03 -1.500000000000000000e+01 7.440000000000000000e+02 -8.900000000000000000e+01 -9.200000000000000000e+01 -9.000000000000000000e+00 -8.000000000000000000e+00 3.000000000000000000e+02 0.000000000000000000e+00 0.000000000000000000e+00 0.000000000000000000e+00 1.000000000000000000e+00
2.960000000000000000e+02 -1.200000000000000000e+01 -9.000000000000000000e+00 -8.600000000000000000e+01 -8.700000000000000000e+01 7.410000000000000000e+02 -1.400000000000000000e+01 1.188000000000000000e+03 3.900000000000000000e+02 3.900000000000000000e+02 1.188000000000000000e+03 -1.400000000000000000e+01 7.410000000000000000e+02 -8.700000000000000000e+01 -8.600000000000000000e+01 -9.000000000000000000e+00 -1.200000000000000000e+01 2.960000000000000000e+02 0.000000000000000000e+00 0.000000000000000000e+00 0.000000000000000000e+00 1.000000000000000000e+00
3.000000000000000000e+02 -6.000000000000000000e+00 -9.000000000000000000e+00 -9.300000000000000000e+01 -8.900000000000000000e+01 7.470000000000000000e+02 -1.400000000000000000e+01 1.188000000000000000e+03 3.880000000000000000e+02 3.880000000000000000e+02 1.188000000000000000e+03 -1.400000000000000000e+01 7.470000000000000000e+02 -8.900000000000000000e+01 -9.300000000000000000e+01 -9.000000000000000000e+00 -6.000000000000000000e+00 3.000000000000000000e+02 0.000000000000000000e+00 0.000000000000000000e+00 0.000000000000000000e+00 1.000000000000000000e+00
3.040000000000000000e+02 -8.000000000000000000e+00 -7.000000000000000000e+00 -8.500000000000000000e+01 -9.500000000000000000e+01 7.520000000000000000e+02 -1.500000000000000000e+01 1.191000000000000000e+03 3.860000000000000000e+02 3.860000000000000000e+02 1.191000000000000000e+03 -1.500000000000000000e+01 7.520000000000000000e+02 -9.500000000000000000e+01 -8.500000000000000000e+01 -7.000000000000000000e+00 -8.000000000000000000e+00 3.040000000000000000e+02 0.000000000000000000e+00 0.000000000000000000e+00 0.000000000000000000e+00 1.000000000000000000e+00
3.050000000000000000e+02 -5.000000000000000000e+00 -1.800000000000000000e+01 -9.000000000000000000e+01 -9.300000000000000000e+01 7.500000000000000000e+02 -1.400000000000000000e+01 1.206000000000000000e+03 3.860000000000000000e+02 3.860000000000000000e+02 1.206000000000000000e+03 -1.400000000000000000e+01 7.500000000000000000e+02 -9.300000000000000000e+01 -9.000000000000000000e+01 -1.800000000000000000e+01 -5.000000000000000000e+00 3.050000000000000000e+02 0.000000000000000000e+00 0.000000000000000000e+00 0.000000000000000000e+00 1.000000000000000000e+00
3.080000000000000000e+02 -5.000000000000000000e+00 -1.600000000000000000e+01 -9.300000000000000000e+01 -8.700000000000000000e+01 7.470000000000000000e+02 -1.100000000000000000e+01 1.200000000000000000e+03 3.820000000000000000e+02 3.820000000000000000e+02 1.200000000000000000e+03 -1.100000000000000000e+01 7.470000000000000000e+02 -8.700000000000000000e+01 -9.300000000000000000e+01 -1.600000000000000000e+01 -5.000000000000000000e+00 3.080000000000000000e+02 0.000000000000000000e+00 0.000000000000000000e+00 0.000000000000000000e+00 1.000000000000000000e+00
3.080000000000000000e+02 -1.200000000000000000e+01 -7.000000000000000000e+00 -9.300000000000000000e+01 -9.200000000000000000e+01 7.480000000000000000e+02 -1.200000000000000000e+01 1.197000000000000000e+03 3.830000000000000000e+02 3.830000000000000000e+02 1.197000000000000000e+03 -1.200000000000000000e+01 7.480000000000000000e+02 -9.200000000000000000e+01 -9.300000000000000000e+01 -7.000000000000000000e+00 -1.200000000000000000e+01 3.080000000000000000e+02 0.000000000000000000e+00 0.000000000000000000e+00 0.000000000000000000e+00 1.000000000000000000e+00
3.070000000000000000e+02 -7.000000000000000000e+00 -7.000000000000000000e+00 -8.700000000000000000e+01 -9.100000000000000000e+01 7.480000000000000000e+02 -1.400000000000000000e+01 1.202000000000000000e+03 3.850000000000000000e+02 3.850000000000000000e+02 1.202000000000000000e+03 -1.400000000000000000e+01 7.480000000000000000e+02 -9.100000000000000000e+01 -8.700000000000000000e+01 -7.000000000000000000e+00 -7.000000000000000000e+00 3.070000000000000000e+02 0.000000000000000000e+00 0.000000000000000000e+00 0.000000000000000000e+00 1.000000000000000000e+00
3.070000000000000000e+02 -7.000000000000000000e+00 -5.000000000000000000e+00 -1.000000000000000000e+02 -1.030000000000000000e+02 7.480000000000000000e+02 -1.300000000000000000e+01 1.205000000000000000e+03 3.740000000000000000e+02 3.740000000000000000e+02 1.205000000000000000e+03 -1.300000000000000000e+01 7.480000000000000000e+02 -1.030000000000000000e+02 -1.000000000000000000e+02 -5.000000000000000000e+00 -7.000000000000000000e+00 3.070000000000000000e+02 0.000000000000000000e+00 0.000000000000000000e+00 0.000000000000000000e+00 1.000000000000000000e+00
3.050000000000000000e+02 -7.000000000000000000e+00 -5.000000000000000000e+00 -8.800000000000000000e+01 -8.600000000000000000e+01 7.440000000000000000e+02 -1.400000000000000000e+01 1.191000000000000000e+03 3.820000000000000000e+02 3.820000000000000000e+02 1.191000000000000000e+03 -1.400000000000000000e+01 7.440000000000000000e+02 -8.600000000000000000e+01 -8.800000000000000000e+01 -5.000000000000000000e+00 -7.000000000000000000e+00 3.050000000000000000e+02 0.000000000000000000e+00 0.000000000000000000e+00 0.000000000000000000e+00 1.000000000000000000e+00
3.080000000000000000e+02 -1.300000000000000000e+01 -1.200000000000000000e+01 -9.300000000000000000e+01 -9.100000000000000000e+01 7.450000000000000000e+02 -1.300000000000000000e+01 1.194000000000000000e+03 3.730000000000000000e+02 3.730000000000000000e+02 1.194000000000000000e+03 -1.300000000000000000e+01 7.450000000000000000e+02 -9.100000000000000000e+01 -9.300000000000000000e+01 -1.200000000000000000e+01 -1.300000000000000000e+01 3.080000000000000000e+02 0.000000000000000000e+00 0.000000000000000000e+00 0.000000000000000000e+00 1.000000000000000000e+00
3.090000000000000000e+02 -7.000000000000000000e+00 -1.100000000000000000e+01 -9.500000000000000000e+01 -1.010000000000000000e+02 7.440000000000000000e+02 -1.400000000000000000e+01 1.202000000000000000e+03 3.780000000000000000e+02 3.780000000000000000e+02 1.202000000000000000e+03 -1.400000000000000000e+01 7.440000000000000000e+02 -1.010000000000000000e+02 -9.500000000000000000e+01 -1.100000000000000000e+01 -7.000000000000000000e+00 3.090000000000000000e+02 0.000000000000000000e+00 0.000000000000000000e+00 0.000000000000000000e+00 1.000000000000000000e+00
3.070000000000000000e+02 -1.100000000000000000e+01 -1.000000000000000000e+01 -9.400000000000000000e+01 -1.020000000000000000e+02 7.450000000000000000e+02 -1.400000000000000000e+01 1.197000000000000000e+03 3.720000000000000000e+02 3.720000000000000000e+02 1.197000000000000000e+03 -1.400000000000000000e+01 7.450000000000000000e+02 -1.020000000000000000e+02 -9.400000000000000000e+01 -1.000000000000000000e+01 -1.100000000000000000e+01 3.070000000000000000e+02 0.000000000000000000e+00 0.000000000000000000e+00 0.000000000000000000e+00 1.000000000000000000e+00
3.080000000000000000e+02 -1.100000000000000000e+01 -1.400000000000000000e+01 -9.900000000000000000e+01 -8.900000000000000000e+01 7.460000000000000000e+02 -7.000000000000000000e+00 1.213000000000000000e+03 3.850000000000000000e+02 3.850000000000000000e+02 1.213000000000000000e+03 -7.000000000000000000e+00 7.460000000000000000e+02 -8.900000000000000000e+01 -9.900000000000000000e+01 -1.400000000000000000e+01 -1.100000000000000000e+01 3.080000000000000000e+02 0.000000000000000000e+00 0.000000000000000000e+00 0.000000000000000000e+00 1.000000000000000000e+00
3.110000000000000000e+02 2.000000000000000000e+00 -1.000000000000000000e+00 -9.000000000000000000e+01 -9.700000000000000000e+01 7.480000000000000000e+02 -4.000000000000000000e+00 1.209000000000000000e+03 3.790000000000000000e+02 3.790000000000000000e+02 1.209000000000000000e+03 -4.000000000000000000e+00 7.480000000000000000e+02 -9.700000000000000000e+01 -9.000000000000000000e+01 -1.000000000000000000e+00 2.000000000000000000e+00 3.110000000000000000e+02 0.000000000000000000e+00 0.000000000000000000e+00 0.000000000000000000e+00 1.000000000000000000e+00
3.140000000000000000e+02 1.000000000000000000e+00 -1.000000000000000000e+01 -1.000000000000000000e+02 -9.200000000000000000e+01 7.470000000000000000e+02 -1.000000000000000000e+01 1.205000000000000000e+03 3.790000000000000000e+02 3.790000000000000000e+02 1.205000000000000000e+03 -1.000000000000000000e+01 7.470000000000000000e+02 -9.200000000000000000e+01 -1.000000000000000000e+02 -1.000000000000000000e+01 1.000000000000000000e+00 3.140000000000000000e+02 0.000000000000000000e+00 0.000000000000000000e+00 0.000000000000000000e+00 1.000000000000000000e+00
3.140000000000000000e+02 -1.600000000000000000e+01 -7.000000000000000000e+00 -9.400000000000000000e+01 -9.700000000000000000e+01 7.430000000000000000e+02 -5.000000000000000000e+00 1.212000000000000000e+03 3.730000000000000000e+02 3.730000000000000000e+02 1.212000000000000000e+03 -5.000000000000000000e+00 7.430000000000000000e+02 -9.700000000000000000e+01 -9.400000000000000000e+01 -7.000000000000000000e+00 -1.600000000000000000e+01 3.140000000000000000e+02 0.000000000000000000e+00 0.000000000000000000e+00 0.000000000000000000e+00 1.000000000000000000e+00
3.150000000000000000e+02 -3.000000000000000000e+00 -1.100000000000000000e+01 -9.900000000000000000e+01 -9.200000000000000000e+01 7.450000000000000000e+02 -1.000000000000000000e+01 1.205000000000000000e+03 3.780000000000000000e+02 3.780000000000000000e+02 1.205000000000000000e+03 -1.000000000000000000e+01 7.450000000000000000e+02 -9.200000000000000000e+01 -9.900000000000000000e+01 -1.100000000000000000e+01 -3.000000000000000000e+00 3.150000000000000000e+02 0.000000000000000000e+00 0.000000000000000000e+00 0.000000000000000000e+00 1.000000000000000000e+00
3.100000000000000000e+02 -2.000000000000000000e+00 -1.300000000000000000e+01 -9.200000000000000000e+01 -8.900000000000000000e+01 7.440000000000000000e+02 -9.000000000000000000e+00 1.201000000000000000e+03 3.690000000000000000e+02 3.690000000000000000e+02 1.201000000000000000e+03 -9.000000000000000000e+00 7.440000000000000000e+02 -8.900000000000000000e+01 -9.200000000000000000e+01 -1.300000000000000000e+01 -2.000000000000000000e+00 3.100000000000000000e+02 0.000000000000000000e+00 0.000000000000000000e+00 0.000000000000000000e+00 1.000000000000000000e+00
3.110000000000000000e+02 -4.000000000000000000e+00 -7.000000000000000000e+00 -9.400000000000000000e+01 -9.100000000000000000e+01 7.390000000000000000e+02 -1.100000000000000000e+01 1.201000000000000000e+03 3.690000000000000000e+02 3.690000000000000000e+02 1.201000000000000000e+03 -1.100000000000000000e+01 7.390000000000000000e+02 -9.100000000000000000e+01 -9.400000000000000000e+01 -7.000000000000000000e+00 -4.000000000000000000e+00 3.110000000000000000e+02 0.000000000000000000e+00 0.000000000000000000e+00 0.000000000000000000e+00 1.000000000000000000e+00
3.140000000000000000e+02 -1.300000000000000000e+01 -1.200000000000000000e+01 -9.500000000000000000e+01 -9.000000000000000000e+01 7.410000000000000000e+02 -1.500000000000000000e+01 1.213000000000000000e+03 3.780000000000000000e+02 3.780000000000000000e+02 1.213000000000000000e+03 -1.500000000000000000e+01 7.410000000000000000e+02 -9.000000000000000000e+01 -9.500000000000000000e+01 -1.200000000000000000e+01 -1.300000000000000000e+01 3.140000000000000000e+02 0.000000000000000000e+00 0.000000000000000000e+00 0.000000000000000000e+00 1.000000000000000000e+00
3.120000000000000000e+02 -1.200000000000000000e+01 -1.100000000000000000e+01 -9.000000000000000000e+01 -9.200000000000000000e+01 7.400000000000000000e+02 -1.400000000000000000e+01 1.183000000000000000e+03 3.620000000000000000e+02 3.620000000000000000e+02 1.183000000000000000e+03 -1.400000000000000000e+01 7.400000000000000000e+02 -9.200000000000000000e+01 -9.000000000000000000e+01 -1.100000000000000000e+01 -1.200000000000000000e+01 3.120000000000000000e+02 0.000000000000000000e+00 0.000000000000000000e+00 0.000000000000000000e+00 1.000000000000000000e+00
3.110000000000000000e+02 -1.200000000000000000e+01 -1.500000000000000000e+01 -9.400000000000000000e+01 -9.600000000000000000e+01 7.420000000000000000e+02 -1.400000000000000000e+01 1.204000000000000000e+03 3.590000000000000000e+02 3.590000000000000000e+02 1.204000000000000000e+03 -1.400000000000000000e+01 7.420000000000000000e+02 -9.600000000000000000e+01 -9.400000000000000000e+01 -1.500000000000000000e+01 -1.200000000000000000e+01 3.110000000000000000e+02 0.000000000000000000e+00 0.000000000000000000e+00 0.000000000000000000e+00 1.000000000000000000e+00
3.110000000000000000e+02 -7.000000000000000000e+00 -2.000000000000000000e+00 -9.700000000000000000e+01 -9.400000000000000000e+01 7.400000000000000000e+02 -1.400000000000000000e+01 1.198000000000000000e+03 3.700000000000000000e+02 3.700000000000000000e+02 1.198000000000000000e+03 -1.400000000000000000e+01 7.400000000000000000e+02 -9.400000000000000000e+01 -9.700000000000000000e+01 -2.000000000000000000e+00 -7.000000000000000000e+00 3.110000000000000000e+02 0.000000000000000000e+00 0.000000000000000000e+00 0.000000000000000000e+00 1.000000000000000000e+00
3.090000000000000000e+02 -1.400000000000000000e+01 -9.000000000000000000e+00 -8.500000000000000000e+01 -8.800000000000000000e+01 7.370000000000000000e+02 -1.400000000000000000e+01 1.207000000000000000e+03 3.590000000000000000e+02 3.590000000000000000e+02 1.207000000000000000e+03 -1.400000000000000000e+01 7.370000000000000000e+02 -8.800000000000000000e+01 -8.500000000000000000e+01 -9.000000000000000000e+00 -1.400000000000000000e+01 3.090000000000000000e+02 0.000000000000000000e+00 0.000000000000000000e+00 0.000000000000000000e+00 1.000000000000000000e+00
3.160000000000000000e+02 -1.200000000000000000e+01 -1.100000000000000000e+01 -9.100000000000000000e+01 -9.200000000000000000e+01 7.360000000000000000e+02 -1.200000000000000000e+01 1.203000000000000000e+03 3.660000000000000000e+02 3.660000000000000000e+02 1.203000000000000000e+03 -1.200000000000000000e+01 7.360000000000000000e+02 -9.200000000000000000e+01 -9.100000000000000000e+01 -1.100000000000000000e+01 -1.200000000000000000e+01 3.160000000000000000e+02 0.000000000000000000e+00 0.000000000000000000e+00 0.000000000000000000e+00 1.000000000000000000e+00
3.090000000000000000e+02 -6.000000000000000000e+00 -7.000000000000000000e+00 -8.600000000000000000e+01 -9.300000000000000000e+01 7.380000000000000000e+02 -1.100000000000000000e+01 1.190000000000000000e+03 3.610000000000000000e+02 3.610000000000000000e+02 1.190000000000000000e+03 -1.100000000000000000e+01 7.380000000000000000e+02 -9.300000000000000000e+01 -8.600000000000000000e+01 -7.000000000000000000e+00 -6.000000000000000000e+00 3.090000000000000000e+02 0.000000000000000000e+00 0.000000000000000000e+00 0.000000000000000000e+00 1.000000000000000000e+00
