3.470000000000000000e+02 -4.000000000000000000e+00 -6.000000000000000000e+00 -9.000000000000000000e+01 -9.300000000000000000e+01 7.900000000000000000e+02 -1.300000000000000000e+01 1.333000000000000000e+03 3.910000000000000000e+02 3.910000000000000000e+02 1.333000000000000000e+03 -1.300000000000000000e+01 7.900000000000000000e+02 -9.300000000000000000e+01 -9.000000000000000000e+01 -6.000000000000000000e+00 -4.000000000000000000e+00 3.470000000000000000e+02 0.000000000000000000e+00 0.000000000000000000e+00 1.000000000000000000e+00 0.000000000000000000e+00
3.510000000000000000e+02 -1.200000000000000000e+01 -1.400000000000000000e+01 -8.800000000000000000e+01 -9.200000000000000000e+01 7.750000000000000000e+02 -1.400000000000000000e+01 1.319000000000000000e+03 3.890000000000000000e+02 3.890000000000000000e+02 1.319000000000000000e+03 -1.400000000000000000e+01 7.750000000000000000e+02 -9.200000000000000000e+01 -8.800000000000000000e+01 -1.400000000000000000e+01 -1.200000000000000000e+01 3.510000000000000000e+02 0.000000000000000000e+00 0.000000000000000000e+00 1.000000000000000000e+00 0.000000000000000000e+00
3.470000000000000000e+02 -6.000000000000000000e+00 -2.000000000000000000e+00 -9.900000000000000000e+01 -9.800000000000000000e+01 7.630000000000000000e+02 -1.400000000000000000e+01 1.300000000000000000e+03 3.990000000000000000e+02 3.990000000000000000e+02 1.300000000000000000e+03 -1.400000000000000000e+01 7.630000000000000000e+02 -9.800000000000000000e+01 -9.900000000000000000e+01 -2.000000000000000000e+00 -6.000000000000000000e+00 3.470000000000000000e+02 0.000000000000000000e+00 0.000000000000000000e+00 1.000000000000000000e+00 0.000000000000000000e+00
3.510000000000000000e+02 -3.000000000000000000e+00 -8.000000000000000000e+00 -9.900000000000000000e+01 -9.800000000000000000e+01 7.550000000000000000e+02 -1.300000000000000000e+01 1.290000000000000000e+03 3.960000000000000000e+02 3.960000000000000000e+02 1.290000000000000000e+03 -1.300000000000000000e+01 7.550000000000000000e+02 -9.800000000000000000e+01 -9.900000000000000000e+01 -8.000000000000000000e+00 -3.000000000000000000e+00 3.510000000000000000e+02 0.000000000000000000e+00 0.000000000000000000e+00 1.000000000000000000e+00 0.000000000000000000e+00
3.460000000000000000e+02 -9.000000000000000000e+00 -1.000000000000000000e+01 -9.300000000000000000e+01 -9.800000000000000000e+01 7.500000000000000000e+02 -1.300000000000000000e+01 1.281000000000000000e+03 3.900000000000000000e+02 3.900000000000000000e+02 1.281000000000000000e+03 -1.300000000000000000e+01 7.500000000000000000e+02 -9.800000000000000000e+01 -9.300000000000000000e+01 -1.000000000000000000e+01 -9.000000000000000000e+00 3.460000000000000000e+02 0.000000000000000000e+00 0.000000000000000000e+00 1.000000000000000000e+00 0.000000000000000000e+00
3.450000000000000000e+02 -8.000000000000000000e+00 -1.100000000000000000e+01 -8.600000000000000000e+01 -8.900000000000000000e+01 7.540000000000000000e+02 -1.300000000000000000e+01 1.290000000000000000e+03 4.060000000000000000e+02 4.060000000000000000e+02 1.290000000000000000e+03 -1.300000000000000000e+01 7.540000000000000000e+02 -8.900000000000000000e+01 -8.600000000000000000e+01 -1.100000000000000000e+01 -8.000000000000000000e+00 3.450000000000000000e+02 0.000000000000000000e+00 0.000000000000000000e+00 1.000000000000000000e+00 0.000000000000000000e+00
3.490000000000000000e+02 -6.000000000000000000e+00 -1.100000000000000000e+01 -9.000000000000000000e+01 -8.900000000000000000e+01 7.570000000000000000e+02 -1.500000000000000000e+01 1.305000000000000000e+03 3.980000000000000000e+02 3.980000000000000000e+02 1.305000000000000000e+03 -1.500000000000000000e+01 7.570000000000000000e+02 -8.900000000000000000e+01 -9.000000000000000000e+01 -1.100000000000000000e+01 -6.000000000000000000e+00 3.490000000000000000e+02 0.000000000000000000e+00 0.000000000000000000e+00 1.000000000000000000e+00 0.000000000000000000e+00
3.460000000000000000e+02 -8.000000000000000000e+00 -8.000000000000000000e+00 -8.800000000000000000e+01 -8.900000000000000000e+01 7.600000000000000000e+02 -1.300000000000000000e+01 1.308000000000000000e+03 3.990000000000000000e+02 3.990000000000000000e+02 1.308000000000000000e+03 -1.300000000000000000e+01 7.600000000000000000e+02 -8.900000000000000000e+01 -8.800000000000000000e+01 -8.000000000000000000e+00 -8.000000000000000000e+00 3.460000000000000000e+02 0.000000000000000000e+00 0.000000000000000000e+00 1.000000000000000000e+00 0.000000000000000000e+00
3.410000000000000000e+02 -1.200000000000000000e+01 -1.700000000000000000e+01 -9.000000000000000000e+01 -8.400000000000000000e+01 7.620000000000000000e+02 -1.400000000000000000e+01 1.302000000000000000e+03 4.080000000000000000e+02 4.080000000000000000e+02 1.302000000000000000e+03 -1.400000000000000000e+01 7.620000000000000000e+02 -8.400000000000000000e+01 -9.000000000000000000e+01 -1.700000000000000000e+01 -1.200000000000000000e+01 3.410000000000000000e+02 0.000000000000000000e+00 0.000000000000000000e+00 1.000000000000000000e+00 0.000000000000000000e+00
3.400000000000000000e+02 -1.300000000000000000e+01 -7.000000000000000000e+00 -8.800000000000000000e+01 -9.000000000000000000e+01 7.630000000000000000e+02 -1.100000000000000000e+01 1.293000000000000000e+03 4.080000000000000000e+02 4.080000000000000000e+02 1.293000000000000000e+03 -1.100000000000000000e+01 7.630000000000000000e+02 -9.000000000000000000e+01 -8.800000000000000000e+01 -7.000000000000000000e+00 -1.300000000000000000e+01 3.400000000000000000e+02 0.000000000000000000e+00 0.000000000000000000e+00 1.000000000000000000e+00 0.000000000000000000e+00
3.400000000000000000e+02 -4.000000000000000000e+00 -7.000000000000000000e+00 -8.700000000000000000e+01 -9.500000000000000000e+01 7.610000000000000000e+02 -1.300000000000000000e+01 1.290000000000000000e+03 4.160000000000000000e+02 4.160000000000000000e+02 1.290000000000000000e+03 -1.300000000000000000e+01 7.610000000000000000e+02 -9.500000000000000000e+01 -8.700000000000000000e+01 -7.000000000000000000e+00 -4.000000000000000000e+00 3.400000000000000000e+02 0.000000000000000000e+00 0.000000000000000000e+00 1.000000000000000000e+00 0.000000000000000000e+00
3.350000000000000000e+02 -1.100000000000000000e+01 -7.000000000000000000e+00 -9.400000000000000000e+01 -8.900000000000000000e+01 7.630000000000000000e+02 -1.200000000000000000e+01 1.278000000000000000e+03 4.300000000000000000e+02 4.300000000000000000e+02 1.278000000000000000e+03 -1.200000000000000000e+01 7.630000000000000000e+02 -8.900000000000000000e+01 -9.400000000000000000e+01 -7.000000000000000000e+00 -1.100000000000000000e+01 3.350000000000000000e+02 0.000000000000000000e+00 0.000000000000000000e+00 1.000000000000000000e+00 0.000000000000000000e+00
3.190000000000000000e+02 -8.000000000000000000e+00 -1.000000000000000000e+00 -8.600000000000000000e+01 -9.500000000000000000e+01 7.530000000000000000e+02 -1.200000000000000000e+01 1.239000000000000000e+03 4.260000000000000000e+02 4.260000000000000000e+02 1.239000000000000000e+03 -1.200000000000000000e+01 7.530000000000000000e+02 -9.500000000000000000e+01 -8.600000000000000000e+01 -1.000000000000000000e+00 -8.000000000000000000e+00 3.190000000000000000e+02 0.000000000000000000e+00 0.000000000000000000e+00 1.000000000000000000e+00 0.000000000000000000e+00
2.970000000000000000e+02 -1.000000000000000000e+01 -1.100000000000000000e+01 -8.700000000000000000e+01 -9.100000000000000000e+01 7.440000000000000000e+02 -1.400000000000000000e+01 1.196000000000000000e+03 4.250000000000000000e+02 4.250000000000000000e+02 1.196000000000000000e+03 -1.400000000000000000e+01 7.440000000000000000e+02 -9.100000000000000000e+01 -8.700000000000000000e+01 -1.100000000000000000e+01 -1.000000000000000000e+01 2.970000000000000000e+02 0.000000000000000000e+00 0.000000000000000000e+00 1.000000000000000000e+00 0.000000000000000000e+00
2.780000000000000000e+02 -1.000000000000000000e+01 -1.200000000000000000e+01 -8.700000000000000000e+01 -9.100000000000000000e+01 7.300000000000000000e+02 -1.500000000000000000e+01 1.182000000000000000e+03 4.230000000000000000e+02 4.230000000000000000e+02 1.182000000000000000e+03 -1.500000000000000000e+01 7.300000000000000000e+02 -9.100000000000000000e+01 -8.700000000000000000e+01 -1.200000000000000000e+01 -1.000000000000000000e+01 2.780000000000000000e+02 0.000000000000000000e+00 0.000000000000000000e+00 1.000000000000000000e+00 0.000000000000000000e+00
2.730000000000000000e+02 -6.000000000000000000e+00 -1.000000000000000000e+01 -9.700000000000000000e+01 -8.700000000000000000e+01 7.320000000000000000e+02 -1.400000000000000000e+01 1.172000000000000000e+03 4.230000000000000000e+02 4.230000000000000000e+02 1.172000000000000000e+03 -1.400000000000000000e+01 7.320000000000000000e+02 -8.700000000000000000e+01 -9.700000000000000000e+01 -1.000000000000000000e+01 -6.000000000000000000e+00 2.730000000000000000e+02 0.000000000000000000e+00 0.000000000000000000e+00 1.000000000000000000e+00 0.000000000000000000e+00
2.710000000000000000e+02 -1.100000000000000000e+01 -9.000000000000000000e+00 -9.100000000000000000e+01 -9.500000000000000000e+01 7.290000000000000000e+02 -1.200000000000000000e+01 1.179000000000000000e+03 4.170000000000000000e+02 4.170000000000000000e+02 1.179000000000000000e+03 -1.200000000000000000e+01 7.290000000000000000e+02 -9.500000000000000000e+01 -9.100000000000000000e+01 -9.000000000000000000e+00 -1.100000000000000000e+01 2.710000000000000000e+02 0.000000000000000000e+00 0.000000000000000000e+00 1.000000000000000000e+00 0.000000000000000000e+00
2.740000000000000000e+02 -1.600000000000000000e+01 -1.000000000000000000e+01 -9.000000000000000000e+01 -9.200000000000000000e+01 7.230000000000000000e+02 -1.400000000000000000e+01 1.164000000000000000e+03 4.230000000000000000e+02 4.230000000000000000e+02 1.164000000000000000e+03 -1.400000000000000000e+01 7.230000000000000000e+02 -9.200000000000000000e+01 -9.000000000000000000e+01 -1.000000000000000000e+01 -1.600000000000000000e+01 2.740000000000000000e+02 0.000000000000000000e+00 0.000000000000000000e+00 1.000000000000000000e+00 0.000000000000000000e+00
2.740000000000000000e+02 -1.000000000000000000e+01 -4.000000000000000000e+00 -8.900000000000000000e+01 -8.900000000000000000e+01 7.260000000000000000e+02 -1.400000000000000000e+01 1.148000000000000000e+03 4.270000000000000000e+02 4.270000000000000000e+02 1.148000000000000000e+03 -1.400000000000000000e+01 7.260000000000000000e+02 -8.900000000000000000e+01 -8.900000000000000000e+01 -4.000000000000000000e+00 -1.000000000000000000e+01 2.740000000000000000e+02 0.000000000000000000e+00 0.000000000000000000e+00 1.000000000000000000e+00 0.000000000000000000e+00
2.790000000000000000e+02 -1.000000000000000000e+01 -1.000000000000000000e+01 -9.100000000000000000e+01 -9.300000000000000000e+01 7.230000000000000000e+02 -1.200000000000000000e+01 1.161000000000000000e+03 4.260000000000000000e+02 4.260000000000000000e+02 1.161000000000000000e+03 -1.200000000000000000e+01 7.230000000000000000e+02 -9.300000000000000000e+01 -9.100000000000000000e+01 -1.000000000000000000e+01 -1.000000000000000000e+01 2.790000000000000000e+02 0.000000000000000000e+00 0.000000000000000000e+00 1.000000000000000000e+00 0.000000000000000000e+00
2.750000000000000000e+02 -6.000000000000000000e+00 -4.000000000000000000e+00 -9.500000000000000000e+01 -8.100000000000000000e+01 7.260000000000000000e+02 -1.400000000000000000e+01 1.155000000000000000e+03 4.310000000000000000e+02 4.310000000000000000e+02 1.155000000000000000e+03 -1.400000000000000000e+01 7.260000000000000000e+02 -8.100000000000000000e+01 -9.500000000000000000e+01 -4.000000000000000000e+00 -6.000000000000000000e+00 2.750000000000000000e+02 0.000000000000000000e+00 0.000000000000000000e+00 1.000000000000000000e+00 0.000000000000000000e+00
2.740000000000000000e+02 -1.000000000000000000e+01 -1.000000000000000000e+01 -9.600000000000000000e+01 -9.600000000000000000e+01 7.310000000000000000e+02 -1.400000000000000000e+01 1.168000000000000000e+03 4.320000000000000000e+02 4.320000000000000000e+02 1.168000000000000000e+03 -1.400000000000000000e+01 7.310000000000000000e+02 -9.600000000000000000e+01 -9.600000000000000000e+01 -1.000000000000000000e+01 -1.000000000000000000e+01 2.740000000000000000e+02 0.000000000000000000e+00 0.000000000000000000e+00 1.000000000000000000e+00 0.000000000000000000e+00
2.790000000000000000e+02 -1.000000000000000000e+01 -5.000000000000000000e+00 -8.500000000000000000e+01 -9.700000000000000000e+01 7.380000000000000000e+02 -7.000000000000000000e+00 1.171000000000000000e+03 4.330000000000000000e+02 4.330000000000000000e+02 1.171000000000000000e+03 -7.000000000000000000e+00 7.380000000000000000e+02 -9.700000000000000000e+01 -8.500000000000000000e+01 -5.000000000000000000e+00 -1.000000000000000000e+01 2.790000000000000000e+02 0.000000000000000000e+00 0.000000000000000000e+00 1.000000000000000000e+00 0.000000000000000000e+00
2.850000000000000000e+02 -4.000000000000000000e+00 -4.000000000000000000e+00 -9.400000000000000000e+01 -9.200000000000000000e+01 7.450000000000000000e+02 -1.500000000000000000e+01 1.185000000000000000e+03 4.330000000000000000e+02 4.330000000000000000e+02 1.185000000000000000e+03 -1.500000000000000000e+01 7.450000000000000000e+02 -9.200000000000000000e+01 -9.400000000000000000e+01 -4.000000000000000000e+00 -4.000000000000000000e+00 2.850000000000000000e+02 0.000000000000000000e+00 0.000000000000000000e+00 1.000000000000000000e+00 0.000000000000000000e+00
2.910000000000000000e+02 -8.000000000000000000e+00 -8.000000000000000000e+00 -9.700000000000000000e+01 -9.400000000000000000e+01 7.480000000000000000e+02 -1.300000000000000000e+01 1.193000000000000000e+03 4.420000000000000000e+02 4.420000000000000000e+02 1.193000000000000000e+03 -1.300000000000000000e+01 7.480000000000000000e+02 -9.400000000000000000e+01 -9.700000000000000000e+01 -8.000000000000000000e+00 -8.000000000000000000e+00 2.910000000000000000e+02 0.000000000000000000e+00 0.000000000000000000e+00 1.000000000000000000e+00 0.000000000000000000e+00
2.970000000000000000e+02 -1.200000000000000000e+01 -9.000000000000000000e+00 -8.600000000000000000e+01 -8.500000000000000000e+01 7.510000000000000000e+02 -1.300000000000000000e+01 1.195000000000000000e+03 4.410000000000000000e+02 4.410000000000000000e+02 1.195000000000000000e+03 -1.300000000000000000e+01 7.510000000000000000e+02 -8.500000000000000000e+01 -8.600000000000000000e+01 -9.000000000000000000e+00 -1.200000000000000000e+01 2.970000000000000000e+02 0.000000000000000000e+00 0.000000000000000000e+00 1.000000000000000000e+00 0.000000000000000000e+00
2.990000000000000000e+02 -1.100000000000000000e+01 -2.000000000000000000e+00 -9.700000000000000000e+01 -9.100000000000000000e+01 7.480000000000000000e+02 -1.300000000000000000e+01 1.198000000000000000e+03 4.420000000000000000e+02 4.420000000000000000e+02 1.198000000000000000e+03 -1.300000000000000000e+01 7.480000000000000000e+02 -9.100000000000000000e+01 -9.700000000000000000e+01 -2.000000000000000000e+00 -1.100000000000000000e+01 2.990000000000000000e+02 0.000000000000000000e+00 0.000000000000000000e+00 1.000000000000000000e+00 0.000000000000000000e+00
3.030000000000000000e+02 -1.600000000000000000e+01 -1.000000000000000000e+01 -9.300000000000000000e+01 -9.400000000000000000e+01 7.500000000000000000e+02 -1.300000000000000000e+01 1.188000000000000000e+03 4.460000000000000000e+02 4.460000000000000000e+02 1.188000000000000000e+03 -1.300000000000000000e+01 7.500000000000000000e+02 -9.400000000000000000e+01 -9.300000000000000000e+01 -1.000000000000000000e+01 -1.600000000000000000e+01 3.030000000000000000e+02 0.000000000000000000e+00 0.000000000000000000e+00 1.000000000000000000e+00 0.000000000000000000e+00
3.010000000000000000e+02 -7.000000000000000000e+00 -4.000000000000000000e+00 -9.600000000000000000e+01 -9.700000000000000000e+01 7.520000000000000000e+02 -1.300000000000000000e+01 1.191000000000000000e+03 4.400000000000000000e+02 4.400000000000000000e+02 1.191000000000000000e+03 -1.300000000000000000e+01 7.520000000000000000e+02 -9.700000000000000000e+01 -9.600000000000000000e+01 -4.000000000000000000e+00 -7.000000000000000000e+00 3.010000000000000000e+02 0.000000000000000000e+00 0.000000000000000000e+00 1.000000000000000000e+00 0.000000000000000000e+00
2.990000000000000000e+02 -6.000000000000000000e+00 -1.400000000000000000e+01 -9.400000000000000000e+01 -9.000000000000000000e+01 7.520000000000000000e+02 -1.300000000000000000e+01 1.187000000000000000e+03 4.440000000000000000e+02 4.440000000000000000e+02 1.187000000000000000e+03 -1.300000000000000000e+01 7.520000000000000000e+02 -9.000000000000000000e+01 -9.400000000000000000e+01 -1.400000000000000000e+01 -6.000000000000000000e+00 2.990000000000000000e+02 0.000000000000000000e+00 0.000000000000000000e+00 1.000000000000000000e+00 0.000000000000000000e+00
