-6.000000000000000000e+00 -8.000000000000000000e+00 -7.000000000000000000e+00 -7.100000000000000000e+01 1.900000000000000000e+01 -8.700000000000000000e+01 2.730000000000000000e+02 -1.300000000000000000e+01 -1.500000000000000000e+01 -1.500000000000000000e+01 -1.300000000000000000e+01 2.730000000000000000e+02 -8.700000000000000000e+01 1.900000000000000000e+01 -7.100000000000000000e+01 -7.000000000000000000e+00 -8.000000000000000000e+00 -6.000000000000000000e+00 1.000000000000000000e+00 0.000000000000000000e+00 0.000000000000000000e+00 0.000000000000000000e+00
-3.000000000000000000e+00 -4.000000000000000000e+00 -1.400000000000000000e+01 -8.600000000000000000e+01 1.620000000000000000e+02 -8.800000000000000000e+01 4.310000000000000000e+02 -1.200000000000000000e+01 -1.400000000000000000e+01 -1.400000000000000000e+01 -1.200000000000000000e+01 4.310000000000000000e+02 -8.800000000000000000e+01 1.620000000000000000e+02 -8.600000000000000000e+01 -1.400000000000000000e+01 -4.000000000000000000e+00 -3.000000000000000000e+00 1.000000000000000000e+00 0.000000000000000000e+00 0.000000000000000000e+00 0.000000000000000000e+00
-6.000000000000000000e+00 -1.300000000000000000e+01 -9.000000000000000000e+00 -9.300000000000000000e+01 2.500000000000000000e+02 -9.600000000000000000e+01 4.910000000000000000e+02 8.200000000000000000e+01 -1.200000000000000000e+01 -1.200000000000000000e+01 8.200000000000000000e+01 4.910000000000000000e+02 -9.600000000000000000e+01 2.500000000000000000e+02 -9.300000000000000000e+01 -9.000000000000000000e+00 -1.300000000000000000e+01 -6.000000000000000000e+00 1.000000000000000000e+00 0.000000000000000000e+00 0.000000000000000000e+00 0.000000000000000000e+00
6.000000000000000000e+00 -1.200000000000000000e+01 -6.000000000000000000e+00 -9.300000000000000000e+01 2.900000000000000000e+02 -8.500000000000000000e+01 5.000000000000000000e+02 2.050000000000000000e+02 -1.200000000000000000e+01 -1.200000000000000000e+01 2.050000000000000000e+02 5.000000000000000000e+02 -8.500000000000000000e+01 2.900000000000000000e+02 -9.300000000000000000e+01 -6.000000000000000000e+00 -1.200000000000000000e+01 6.000000000000000000e+00 1.000000000000000000e+00 0.000000000000000000e+00 0.000000000000000000e+00 0.000000000000000000e+00
3.000000000000000000e+01 -1.100000000000000000e+01 -8.000000000000000000e+00 -8.700000000000000000e+01 3.520000000000000000e+02 -9.300000000000000000e+01 5.120000000000000000e+02 2.960000000000000000e+02 -1.300000000000000000e+01 -1.300000000000000000e+01 2.960000000000000000e+02 5.120000000000000000e+02 -9.300000000000000000e+01 3.520000000000000000e+02 -8.700000000000000000e+01 -8.000000000000000000e+00 -1.100000000000000000e+01 3.000000000000000000e+01 1.000000000000000000e+00 0.000000000000000000e+00 0.000000000000000000e+00 0.000000000000000000e+00
4.200000000000000000e+01 -8.000000000000000000e+00 -1.000000000000000000e+01 -9.700000000000000000e+01 4.270000000000000000e+02 -9.100000000000000000e+01 5.880000000000000000e+02 3.650000000000000000e+02 -1.300000000000000000e+01 -1.300000000000000000e+01 3.650000000000000000e+02 5.880000000000000000e+02 -9.100000000000000000e+01 4.270000000000000000e+02 -9.700000000000000000e+01 -1.000000000000000000e+01 -8.000000000000000000e+00 4.200000000000000000e+01 1.000000000000000000e+00 0.000000000000000000e+00 0.000000000000000000e+00 0.000000000000000000e+00
2.800000000000000000e+01 -5.000000000000000000e+00 -7.000000000000000000e+00 -9.000000000000000000e+01 5.230000000000000000e+02 -9.300000000000000000e+01 7.240000000000000000e+02 4.110000000000000000e+02 -8.000000000000000000e+00 -8.000000000000000000e+00 4.110000000000000000e+02 7.240000000000000000e+02 -9.300000000000000000e+01 5.230000000000000000e+02 -9.000000000000000000e+01 -7.000000000000000000e+00 -5.000000000000000000e+00 2.800000000000000000e+01 1.000000000000000000e+00 0.000000000000000000e+00 0.000000000000000000e+00 0.000000000000000000e+00
2.050000000000000000e+02 5.000000000000000000e+00 -8.000000000000000000e+00 -9.100000000000000000e+01 -9.500000000000000000e+01 7.010000000000000000e+02 3.000000000000000000e+01 1.058000000000000000e+03 4.570000000000000000e+02 4.570000000000000000e+02 1.058000000000000000e+03 3.000000000000000000e+01 7.010000000000000000e+02 -9.500000000000000000e+01 -9.100000000000000000e+01 -8.000000000000000000e+00 5.000000000000000000e+00 2.050000000000000000e+02 1.000000000000000000e+00 0.000000000000000000e+00 0.000000000000000000e+00 0.000000000000000000e+00
2.380000000000000000e+02 -7.000000000000000000e+00 -1.100000000000000000e+01 -8.800000000000000000e+01 -9.700000000000000000e+01 7.360000000000000000e+02 1.000000000000000000e+00 1.154000000000000000e+03 4.670000000000000000e+02 4.670000000000000000e+02 1.154000000000000000e+03 1.000000000000000000e+00 7.360000000000000000e+02 -9.700000000000000000e+01 -8.800000000000000000e+01 -1.100000000000000000e+01 -7.000000000000000000e+00 2.380000000000000000e+02 1.000000000000000000e+00 0.000000000000000000e+00 0.000000000000000000e+00 0.000000000000000000e+00
2.480000000000000000e+02 -1.500000000000000000e+01 -3.000000000000000000e+00 -1.000000000000000000e+02 -9.500000000000000000e+01 7.430000000000000000e+02 -1.100000000000000000e+01 1.202000000000000000e+03 4.770000000000000000e+02 4.770000000000000000e+02 1.202000000000000000e+03 -1.100000000000000000e+01 7.430000000000000000e+02 -9.500000000000000000e+01 -1.000000000000000000e+02 -3.000000000000000000e+00 -1.500000000000000000e+01 2.480000000000000000e+02 1.000000000000000000e+00 0.000000000000000000e+00 0.000000000000000000e+00 0.000000000000000000e+00
2.480000000000000000e+02 -3.000000000000000000e+00 -8.000000000000000000e+00 -1.010000000000000000e+02 -9.600000000000000000e+01 7.500000000000000000e+02 -1.400000000000000000e+01 1.210000000000000000e+03 5.040000000000000000e+02 5.040000000000000000e+02 1.210000000000000000e+03 -1.400000000000000000e+01 7.500000000000000000e+02 -9.600000000000000000e+01 -1.010000000000000000e+02 -8.000000000000000000e+00 -3.000000000000000000e+00 2.480000000000000000e+02 1.000000000000000000e+00 0.000000000000000000e+00 0.000000000000000000e+00 0.000000000000000000e+00
2.650000000000000000e+02 2.000000000000000000e+00 -1.100000000000000000e+01 -9.600000000000000000e+01 -9.600000000000000000e+01 7.890000000000000000e+02 -1.300000000000000000e+01 1.271000000000000000e+03 5.140000000000000000e+02 5.140000000000000000e+02 1.271000000000000000e+03 -1.300000000000000000e+01 7.890000000000000000e+02 -9.600000000000000000e+01 -9.600000000000000000e+01 -1.100000000000000000e+01 2.000000000000000000e+00 2.650000000000000000e+02 1.000000000000000000e+00 0.000000000000000000e+00 0.000000000000000000e+00 0.000000000000000000e+00
2.900000000000000000e+02 -1.200000000000000000e+01 -1.000000000000000000e+01 -9.300000000000000000e+01 -9.100000000000000000e+01 8.570000000000000000e+02 -1.100000000000000000e+01 1.363000000000000000e+03 5.150000000000000000e+02 5.150000000000000000e+02 1.363000000000000000e+03 -1.100000000000000000e+01 8.570000000000000000e+02 -9.100000000000000000e+01 -9.300000000000000000e+01 -1.000000000000000000e+01 -1.200000000000000000e+01 2.900000000000000000e+02 1.000000000000000000e+00 0.000000000000000000e+00 0.000000000000000000e+00 0.000000000000000000e+00
3.210000000000000000e+02 -8.000000000000000000e+00 -3.000000000000000000e+00 -9.000000000000000000e+01 -9.000000000000000000e+01 9.070000000000000000e+02 -1.200000000000000000e+01 1.463000000000000000e+03 5.250000000000000000e+02 5.250000000000000000e+02 1.463000000000000000e+03 -1.200000000000000000e+01 9.070000000000000000e+02 -9.000000000000000000e+01 -9.000000000000000000e+01 -3.000000000000000000e+00 -8.000000000000000000e+00 3.210000000000000000e+02 1.000000000000000000e+00 0.000000000000000000e+00 0.000000000000000000e+00 0.000000000000000000e+00
3.550000000000000000e+02 -1.300000000000000000e+01 -7.000000000000000000e+00 -8.700000000000000000e+01 -9.500000000000000000e+01 9.590000000000000000e+02 -1.300000000000000000e+01 1.551000000000000000e+03 5.430000000000000000e+02 5.430000000000000000e+02 1.551000000000000000e+03 -1.300000000000000000e+01 9.590000000000000000e+02 -9.500000000000000000e+01 -8.700000000000000000e+01 -7.000000000000000000e+00 -1.300000000000000000e+01 3.550000000000000000e+02 1.000000000000000000e+00 0.000000000000000000e+00 0.000000000000000000e+00 0.000000000000000000e+00
3.910000000000000000e+02 -6.000000000000000000e+00 -9.000000000000000000e+00 -9.300000000000000000e+01 -8.900000000000000000e+01 1.009000000000000000e+03 -1.100000000000000000e+01 1.633000000000000000e+03 5.610000000000000000e+02 5.610000000000000000e+02 1.633000000000000000e+03 -1.100000000000000000e+01 1.009000000000000000e+03 -8.900000000000000000e+01 -9.300000000000000000e+01 -9.000000000000000000e+00 -6.000000000000000000e+00 3.910000000000000000e+02 1.000000000000000000e+00 0.000000000000000000e+00 0.000000000000000000e+00 0.000000000000000000e+00
4.240000000000000000e+02 -7.000000000000000000e+00 -5.000000000000000000e+00 -9.200000000000000000e+01 -9.000000000000000000e+01 1.056000000000000000e+03 -1.300000000000000000e+01 1.711000000000000000e+03 5.600000000000000000e+02 5.600000000000000000e+02 1.711000000000000000e+03 -1.300000000000000000e+01 1.056000000000000000e+03 -9.000000000000000000e+01 -9.200000000000000000e+01 -5.000000000000000000e+00 -7.000000000000000000e+00 4.240000000000000000e+02 1.000000000000000000e+00 0.000000000000000000e+00 0.000000000000000000e+00 0.000000000000000000e+00
4.600000000000000000e+02 -5.000000000000000000e+00 -1.000000000000000000e+01 -7.400000000000000000e+01 -7.300000000000000000e+01 1.119000000000000000e+03 -1.300000000000000000e+01 1.800000000000000000e+03 5.600000000000000000e+02 5.600000000000000000e+02 1.800000000000000000e+03 -1.300000000000000000e+01 1.119000000000000000e+03 -7.300000000000000000e+01 -7.400000000000000000e+01 -1.000000000000000000e+01 -5.000000000000000000e+00 4.600000000000000000e+02 1.000000000000000000e+00 0.000000000000000000e+00 0.000000000000000000e+00 0.000000000000000000e+00
4.740000000000000000e+02 -7.000000000000000000e+00 -5.000000000000000000e+00 -8.200000000000000000e+01 -8.300000000000000000e+01 1.115000000000000000e+03 -1.300000000000000000e+01 1.813000000000000000e+03 5.550000000000000000e+02 5.550000000000000000e+02 1.813000000000000000e+03 -1.300000000000000000e+01 1.115000000000000000e+03 -8.300000000000000000e+01 -8.200000000000000000e+01 -5.000000000000000000e+00 -7.000000000000000000e+00 4.740000000000000000e+02 1.000000000000000000e+00 0.000000000000000000e+00 0.000000000000000000e+00 0.000000000000000000e+00
4.740000000000000000e+02 -1.000000000000000000e+01 -6.000000000000000000e+00 -8.600000000000000000e+01 -7.300000000000000000e+01 1.118000000000000000e+03 -1.400000000000000000e+01 1.831000000000000000e+03 5.600000000000000000e+02 5.600000000000000000e+02 1.831000000000000000e+03 -1.400000000000000000e+01 1.118000000000000000e+03 -7.300000000000000000e+01 -8.600000000000000000e+01 -6.000000000000000000e+00 -1.000000000000000000e+01 4.740000000000000000e+02 1.000000000000000000e+00 0.000000000000000000e+00 0.000000000000000000e+00 0.000000000000000000e+00
4.750000000000000000e+02 -1.000000000000000000e+01 -1.100000000000000000e+01 -7.400000000000000000e+01 -5.800000000000000000e+01 1.113000000000000000e+03 -1.400000000000000000e+01 1.820000000000000000e+03 5.520000000000000000e+02 5.520000000000000000e+02 1.820000000000000000e+03 -1.400000000000000000e+01 1.113000000000000000e+03 -5.800000000000000000e+01 -7.400000000000000000e+01 -1.100000000000000000e+01 -1.000000000000000000e+01 4.750000000000000000e+02 1.000000000000000000e+00 0.000000000000000000e+00 0.000000000000000000e+00 0.000000000000000000e+00
4.720000000000000000e+02 -1.000000000000000000e+01 -6.000000000000000000e+00 -7.700000000000000000e+01 -9.000000000000000000e+01 1.103000000000000000e+03 -9.000000000000000000e+00 1.806000000000000000e+03 5.580000000000000000e+02 5.580000000000000000e+02 1.806000000000000000e+03 -9.000000000000000000e+00 1.103000000000000000e+03 -9.000000000000000000e+01 -7.700000000000000000e+01 -6.000000000000000000e+00 -1.000000000000000000e+01 4.720000000000000000e+02 1.000000000000000000e+00 0.000000000000000000e+00 0.000000000000000000e+00 0.000000000000000000e+00
4.670000000000000000e+02 -8.000000000000000000e+00 -1.100000000000000000e+01 -7.400000000000000000e+01 -8.900000000000000000e+01 1.095000000000000000e+03 -1.200000000000000000e+01 1.793000000000000000e+03 5.500000000000000000e+02 5.500000000000000000e+02 1.793000000000000000e+03 -1.200000000000000000e+01 1.095000000000000000e+03 -8.900000000000000000e+01 -7.400000000000000000e+01 -1.100000000000000000e+01 -8.000000000000000000e+00 4.670000000000000000e+02 1.000000000000000000e+00 0.000000000000000000e+00 0.000000000000000000e+00 0.000000000000000000e+00
4.630000000000000000e+02 -5.000000000000000000e+00 -7.000000000000000000e+00 -6.700000000000000000e+01 -8.400000000000000000e+01 1.079000000000000000e+03 -1.300000000000000000e+01 1.776000000000000000e+03 5.480000000000000000e+02 5.480000000000000000e+02 1.776000000000000000e+03 -1.300000000000000000e+01 1.079000000000000000e+03 -8.400000000000000000e+01 -6.700000000000000000e+01 -7.000000000000000000e+00 -5.000000000000000000e+00 4.630000000000000000e+02 1.000000000000000000e+00 0.000000000000000000e+00 0.000000000000000000e+00 0.000000000000000000e+00
4.560000000000000000e+02 -9.000000000000000000e+00 -7.000000000000000000e+00 -8.500000000000000000e+01 -7.800000000000000000e+01 1.066000000000000000e+03 -1.300000000000000000e+01 1.754000000000000000e+03 5.340000000000000000e+02 5.340000000000000000e+02 1.754000000000000000e+03 -1.300000000000000000e+01 1.066000000000000000e+03 -7.800000000000000000e+01 -8.500000000000000000e+01 -7.000000000000000000e+00 -9.000000000000000000e+00 4.560000000000000000e+02 1.000000000000000000e+00 0.000000000000000000e+00 0.000000000000000000e+00 0.000000000000000000e+00
4.500000000000000000e+02 -6.000000000000000000e+00 -3.000000000000000000e+00 -9.000000000000000000e+01 -8.600000000000000000e+01 1.045000000000000000e+03 -1.100000000000000000e+01 1.725000000000000000e+03 5.300000000000000000e+02 5.300000000000000000e+02 1.725000000000000000e+03 -1.100000000000000000e+01 1.045000000000000000e+03 -8.600000000000000000e+01 -9.000000000000000000e+01 -3.000000000000000000e+00 -6.000000000000000000e+00 4.500000000000000000e+02 1.000000000000000000e+00 0.000000000000000000e+00 0.000000000000000000e+00 0.000000000000000000e+00
4.440000000000000000e+02 -5.000000000000000000e+00 -4.000000000000000000e+00 -9.200000000000000000e+01 -8.800000000000000000e+01 1.028000000000000000e+03 -1.500000000000000000e+01 1.696000000000000000e+03 5.180000000000000000e+02 5.180000000000000000e+02 1.696000000000000000e+03 -1.500000000000000000e+01 1.028000000000000000e+03 -8.800000000000000000e+01 -9.200000000000000000e+01 -4.000000000000000000e+00 -5.000000000000000000e+00 4.440000000000000000e+02 1.000000000000000000e+00 0.000000000000000000e+00 0.000000000000000000e+00 0.000000000000000000e+00
4.370000000000000000e+02 -1.600000000000000000e+01 -8.000000000000000000e+00 -8.700000000000000000e+01 -8.200000000000000000e+01 1.001000000000000000e+03 -1.300000000000000000e+01 1.659000000000000000e+03 5.000000000000000000e+02 5.000000000000000000e+02 1.659000000000000000e+03 -1.300000000000000000e+01 1.001000000000000000e+03 -8.200000000000000000e+01 -8.700000000000000000e+01 -8.000000000000000000e+00 -1.600000000000000000e+01 4.370000000000000000e+02 1.000000000000000000e+00 0.000000000000000000e+00 0.000000000000000000e+00 0.000000000000000000e+00
4.190000000000000000e+02 -1.400000000000000000e+01 -1.000000000000000000e+01 -9.100000000000000000e+01 -8.700000000000000000e+01 9.730000000000000000e+02 -1.100000000000000000e+01 1.614000000000000000e+03 4.710000000000000000e+02 4.710000000000000000e+02 1.614000000000000000e+03 -1.100000000000000000e+01 9.730000000000000000e+02 -8.700000000000000000e+01 -9.100000000000000000e+01 -1.000000000000000000e+01 -1.400000000000000000e+01 4.190000000000000000e+02 1.000000000000000000e+00 0.000000000000000000e+00 0.000000000000000000e+00 0.000000000000000000e+00
3.990000000000000000e+02 -9.000000000000000000e+00 0.000000000000000000e+00 -9.500000000000000000e+01 -8.900000000000000000e+01 9.340000000000000000e+02 -1.100000000000000000e+01 1.566000000000000000e+03 4.340000000000000000e+02 4.340000000000000000e+02 1.566000000000000000e+03 -1.100000000000000000e+01 9.340000000000000000e+02 -8.900000000000000000e+01 -9.500000000000000000e+01 0.000000000000000000e+00 -9.000000000000000000e+00 3.990000000000000000e+02 1.000000000000000000e+00 0.000000000000000000e+00 0.000000000000000000e+00 0.000000000000000000e+00
