-8.000000000000000000e+00 4.870000000000000000e+02 4.510000000000000000e+02 1.754000000000000000e+03 4.990000000000000000e+02 8.000000000000000000e+01 1.900000000000000000e+02 9.050000000000000000e+02 1.155000000000000000e+03 1.155000000000000000e+03 9.050000000000000000e+02 1.900000000000000000e+02 8.000000000000000000e+01 4.990000000000000000e+02 1.754000000000000000e+03 4.510000000000000000e+02 4.870000000000000000e+02 -8.000000000000000000e+00 0.000000000000000000e+00 1.000000000000000000e+00 0.000000000000000000e+00 0.000000000000000000e+00
-3.000000000000000000e+00 5.040000000000000000e+02 4.610000000000000000e+02 1.806000000000000000e+03 5.120000000000000000e+02 8.600000000000000000e+01 1.840000000000000000e+02 9.210000000000000000e+02 1.177000000000000000e+03 1.177000000000000000e+03 9.210000000000000000e+02 1.840000000000000000e+02 8.600000000000000000e+01 5.120000000000000000e+02 1.806000000000000000e+03 4.610000000000000000e+02 5.040000000000000000e+02 -3.000000000000000000e+00 0.000000000000000000e+00 1.000000000000000000e+00 0.000000000000000000e+00 0.000000000000000000e+00
-9.000000000000000000e+00 5.140000000000000000e+02 4.670000000000000000e+02 1.845000000000000000e+03 5.250000000000000000e+02 9.400000000000000000e+01 1.840000000000000000e+02 9.380000000000000000e+02 1.199000000000000000e+03 1.199000000000000000e+03 9.380000000000000000e+02 1.840000000000000000e+02 9.400000000000000000e+01 5.250000000000000000e+02 1.845000000000000000e+03 4.670000000000000000e+02 5.140000000000000000e+02 -9.000000000000000000e+00 0.000000000000000000e+00 1.000000000000000000e+00 0.000000000000000000e+00 0.000000000000000000e+00
-9.000000000000000000e+00 5.230000000000000000e+02 4.730000000000000000e+02 1.865000000000000000e+03 5.330000000000000000e+02 1.060000000000000000e+02 1.840000000000000000e+02 9.400000000000000000e+02 1.225000000000000000e+03 1.225000000000000000e+03 9.400000000000000000e+02 1.840000000000000000e+02 1.060000000000000000e+02 5.330000000000000000e+02 1.865000000000000000e+03 4.730000000000000000e+02 5.230000000000000000e+02 -9.000000000000000000e+00 0.000000000000000000e+00 1.000000000000000000e+00 0.000000000000000000e+00 0.000000000000000000e+00
-1.000000000000000000e+01 5.230000000000000000e+02 4.680000000000000000e+02 1.869000000000000000e+03 5.290000000000000000e+02 1.130000000000000000e+02 1.870000000000000000e+02 9.360000000000000000e+02 1.232000000000000000e+03 1.232000000000000000e+03 9.360000000000000000e+02 1.870000000000000000e+02 1.130000000000000000e+02 5.290000000000000000e+02 1.869000000000000000e+03 4.680000000000000000e+02 5.230000000000000000e+02 -1.000000000000000000e+01 0.000000000000000000e+00 1.000000000000000000e+00 0.000000000000000000e+00 0.000000000000000000e+00
-1.000000000000000000e+00 5.270000000000000000e+02 4.610000000000000000e+02 1.870000000000000000e+03 5.360000000000000000e+02 1.110000000000000000e+02 1.850000000000000000e+02 9.380000000000000000e+02 1.234000000000000000e+03 1.234000000000000000e+03 9.380000000000000000e+02 1.850000000000000000e+02 1.110000000000000000e+02 5.360000000000000000e+02 1.870000000000000000e+03 4.610000000000000000e+02 5.270000000000000000e+02 -1.000000000000000000e+00 0.000000000000000000e+00 1.000000000000000000e+00 0.000000000000000000e+00 0.000000000000000000e+00
-2.000000000000000000e+00 5.340000000000000000e+02 4.690000000000000000e+02 1.874000000000000000e+03 5.350000000000000000e+02 1.230000000000000000e+02 1.880000000000000000e+02 9.330000000000000000e+02 1.252000000000000000e+03 1.252000000000000000e+03 9.330000000000000000e+02 1.880000000000000000e+02 1.230000000000000000e+02 5.350000000000000000e+02 1.874000000000000000e+03 4.690000000000000000e+02 5.340000000000000000e+02 -2.000000000000000000e+00 0.000000000000000000e+00 1.000000000000000000e+00 0.000000000000000000e+00 0.000000000000000000e+00
0.000000000000000000e+00 5.320000000000000000e+02 4.600000000000000000e+02 1.873000000000000000e+03 5.350000000000000000e+02 1.200000000000000000e+02 1.920000000000000000e+02 9.350000000000000000e+02 1.252000000000000000e+03 1.252000000000000000e+03 9.350000000000000000e+02 1.920000000000000000e+02 1.200000000000000000e+02 5.350000000000000000e+02 1.873000000000000000e+03 4.600000000000000000e+02 5.320000000000000000e+02 0.000000000000000000e+00 0.000000000000000000e+00 1.000000000000000000e+00 0.000000000000000000e+00 0.000000000000000000e+00
-2.000000000000000000e+00 5.350000000000000000e+02 4.640000000000000000e+02 1.869000000000000000e+03 5.440000000000000000e+02 1.240000000000000000e+02 1.940000000000000000e+02 9.360000000000000000e+02 1.257000000000000000e+03 1.257000000000000000e+03 9.360000000000000000e+02 1.940000000000000000e+02 1.240000000000000000e+02 5.440000000000000000e+02 1.869000000000000000e+03 4.640000000000000000e+02 5.350000000000000000e+02 -2.000000000000000000e+00 0.000000000000000000e+00 1.000000000000000000e+00 0.000000000000000000e+00 0.000000000000000000e+00
-3.000000000000000000e+00 5.420000000000000000e+02 4.680000000000000000e+02 1.867000000000000000e+03 5.500000000000000000e+02 1.340000000000000000e+02 2.150000000000000000e+02 9.340000000000000000e+02 1.268000000000000000e+03 1.268000000000000000e+03 9.340000000000000000e+02 2.150000000000000000e+02 1.340000000000000000e+02 5.500000000000000000e+02 1.867000000000000000e+03 4.680000000000000000e+02 5.420000000000000000e+02 -3.000000000000000000e+00 0.000000000000000000e+00 1.000000000000000000e+00 0.000000000000000000e+00 0.000000000000000000e+00
-6.000000000000000000e+00 5.420000000000000000e+02 4.610000000000000000e+02 1.849000000000000000e+03 5.700000000000000000e+02 1.370000000000000000e+02 2.350000000000000000e+02 9.300000000000000000e+02 1.270000000000000000e+03 1.270000000000000000e+03 9.300000000000000000e+02 2.350000000000000000e+02 1.370000000000000000e+02 5.700000000000000000e+02 1.849000000000000000e+03 4.610000000000000000e+02 5.420000000000000000e+02 -6.000000000000000000e+00 0.000000000000000000e+00 1.000000000000000000e+00 0.000000000000000000e+00 0.000000000000000000e+00
-5.000000000000000000e+00 5.420000000000000000e+02 4.670000000000000000e+02 1.849000000000000000e+03 5.820000000000000000e+02 1.420000000000000000e+02 2.510000000000000000e+02 9.340000000000000000e+02 1.281000000000000000e+03 1.281000000000000000e+03 9.340000000000000000e+02 2.510000000000000000e+02 1.420000000000000000e+02 5.820000000000000000e+02 1.849000000000000000e+03 4.670000000000000000e+02 5.420000000000000000e+02 -5.000000000000000000e+00 0.000000000000000000e+00 1.000000000000000000e+00 0.000000000000000000e+00 0.000000000000000000e+00
-1.000000000000000000e+00 5.470000000000000000e+02 4.650000000000000000e+02 1.847000000000000000e+03 5.810000000000000000e+02 1.360000000000000000e+02 2.620000000000000000e+02 9.340000000000000000e+02 1.269000000000000000e+03 1.269000000000000000e+03 9.340000000000000000e+02 2.620000000000000000e+02 1.360000000000000000e+02 5.810000000000000000e+02 1.847000000000000000e+03 4.650000000000000000e+02 5.470000000000000000e+02 -1.000000000000000000e+00 0.000000000000000000e+00 1.000000000000000000e+00 0.000000000000000000e+00 0.000000000000000000e+00
7.000000000000000000e+00 5.430000000000000000e+02 4.660000000000000000e+02 1.833000000000000000e+03 5.840000000000000000e+02 1.430000000000000000e+02 2.600000000000000000e+02 9.300000000000000000e+02 1.285000000000000000e+03 1.285000000000000000e+03 9.300000000000000000e+02 2.600000000000000000e+02 1.430000000000000000e+02 5.840000000000000000e+02 1.833000000000000000e+03 4.660000000000000000e+02 5.430000000000000000e+02 7.000000000000000000e+00 0.000000000000000000e+00 1.000000000000000000e+00 0.000000000000000000e+00 0.000000000000000000e+00
-3.000000000000000000e+00 5.490000000000000000e+02 4.600000000000000000e+02 1.830000000000000000e+03 5.870000000000000000e+02 1.440000000000000000e+02 2.670000000000000000e+02 9.320000000000000000e+02 1.281000000000000000e+03 1.281000000000000000e+03 9.320000000000000000e+02 2.670000000000000000e+02 1.440000000000000000e+02 5.870000000000000000e+02 1.830000000000000000e+03 4.600000000000000000e+02 5.490000000000000000e+02 -3.000000000000000000e+00 0.000000000000000000e+00 1.000000000000000000e+00 0.000000000000000000e+00 0.000000000000000000e+00
-1.000000000000000000e+00 5.440000000000000000e+02 4.690000000000000000e+02 1.823000000000000000e+03 5.840000000000000000e+02 1.440000000000000000e+02 2.750000000000000000e+02 9.240000000000000000e+02 1.281000000000000000e+03 1.281000000000000000e+03 9.240000000000000000e+02 2.750000000000000000e+02 1.440000000000000000e+02 5.840000000000000000e+02 1.823000000000000000e+03 4.690000000000000000e+02 5.440000000000000000e+02 -1.000000000000000000e+00 0.000000000000000000e+00 1.000000000000000000e+00 0.000000000000000000e+00 0.000000000000000000e+00
-2.000000000000000000e+00 5.450000000000000000e+02 4.610000000000000000e+02 1.822000000000000000e+03 5.880000000000000000e+02 1.390000000000000000e+02 2.760000000000000000e+02 9.290000000000000000e+02 1.275000000000000000e+03 1.275000000000000000e+03 9.290000000000000000e+02 2.760000000000000000e+02 1.390000000000000000e+02 5.880000000000000000e+02 1.822000000000000000e+03 4.610000000000000000e+02 5.450000000000000000e+02 -2.000000000000000000e+00 0.000000000000000000e+00 1.000000000000000000e+00 0.000000000000000000e+00 0.000000000000000000e+00
-3.000000000000000000e+00 5.430000000000000000e+02 4.580000000000000000e+02 1.818000000000000000e+03 5.880000000000000000e+02 1.430000000000000000e+02 2.850000000000000000e+02 9.270000000000000000e+02 1.275000000000000000e+03 1.275000000000000000e+03 9.270000000000000000e+02 2.850000000000000000e+02 1.430000000000000000e+02 5.880000000000000000e+02 1.818000000000000000e+03 4.580000000000000000e+02 5.430000000000000000e+02 -3.000000000000000000e+00 0.000000000000000000e+00 1.000000000000000000e+00 0.000000000000000000e+00 0.000000000000000000e+00
-2.000000000000000000e+00 5.430000000000000000e+02 4.680000000000000000e+02 1.801000000000000000e+03 5.930000000000000000e+02 1.480000000000000000e+02 2.900000000000000000e+02 9.250000000000000000e+02 1.278000000000000000e+03 1.278000000000000000e+03 9.250000000000000000e+02 2.900000000000000000e+02 1.480000000000000000e+02 5.930000000000000000e+02 1.801000000000000000e+03 4.680000000000000000e+02 5.430000000000000000e+02 -2.000000000000000000e+00 0.000000000000000000e+00 1.000000000000000000e+00 0.000000000000000000e+00 0.000000000000000000e+00
-4.000000000000000000e+00 5.370000000000000000e+02 4.640000000000000000e+02 1.795000000000000000e+03 5.900000000000000000e+02 1.450000000000000000e+02 2.990000000000000000e+02 9.230000000000000000e+02 1.265000000000000000e+03 1.265000000000000000e+03 9.230000000000000000e+02 2.990000000000000000e+02 1.450000000000000000e+02 5.900000000000000000e+02 1.795000000000000000e+03 4.640000000000000000e+02 5.370000000000000000e+02 -4.000000000000000000e+00 0.000000000000000000e+00 1.000000000000000000e+00 0.000000000000000000e+00 0.000000000000000000e+00
8.000000000000000000e+00 5.350000000000000000e+02 4.640000000000000000e+02 1.782000000000000000e+03 5.950000000000000000e+02 1.410000000000000000e+02 3.020000000000000000e+02 9.250000000000000000e+02 1.258000000000000000e+03 1.258000000000000000e+03 9.250000000000000000e+02 3.020000000000000000e+02 1.410000000000000000e+02 5.950000000000000000e+02 1.782000000000000000e+03 4.640000000000000000e+02 5.350000000000000000e+02 8.000000000000000000e+00 0.000000000000000000e+00 1.000000000000000000e+00 0.000000000000000000e+00 0.000000000000000000e+00
-4.000000000000000000e+00 5.320000000000000000e+02 4.610000000000000000e+02 1.771000000000000000e+03 5.940000000000000000e+02 1.430000000000000000e+02 3.150000000000000000e+02 9.240000000000000000e+02 1.254000000000000000e+03 1.254000000000000000e+03 9.240000000000000000e+02 3.150000000000000000e+02 1.430000000000000000e+02 5.940000000000000000e+02 1.771000000000000000e+03 4.610000000000000000e+02 5.320000000000000000e+02 -4.000000000000000000e+00 0.000000000000000000e+00 1.000000000000000000e+00 0.000000000000000000e+00 0.000000000000000000e+00
0.000000000000000000e+00 5.280000000000000000e+02 4.610000000000000000e+02 1.760000000000000000e+03 5.990000000000000000e+02 1.350000000000000000e+02 3.130000000000000000e+02 9.220000000000000000e+02 1.246000000000000000e+03 1.246000000000000000e+03 9.220000000000000000e+02 3.130000000000000000e+02 1.350000000000000000e+02 5.990000000000000000e+02 1.760000000000000000e+03 4.610000000000000000e+02 5.280000000000000000e+02 0.000000000000000000e+00 0.000000000000000000e+00 1.000000000000000000e+00 0.000000000000000000e+00 0.000000000000000000e+00
-3.000000000000000000e+00 5.300000000000000000e+02 4.600000000000000000e+02 1.764000000000000000e+03 5.980000000000000000e+02 1.340000000000000000e+02 3.160000000000000000e+02 9.240000000000000000e+02 1.243000000000000000e+03 1.243000000000000000e+03 9.240000000000000000e+02 3.160000000000000000e+02 1.340000000000000000e+02 5.980000000000000000e+02 1.764000000000000000e+03 4.600000000000000000e+02 5.300000000000000000e+02 -3.000000000000000000e+00 0.000000000000000000e+00 1.000000000000000000e+00 0.000000000000000000e+00 0.000000000000000000e+00
-1.000000000000000000e+00 5.290000000000000000e+02 4.720000000000000000e+02 1.765000000000000000e+03 5.960000000000000000e+02 1.440000000000000000e+02 3.230000000000000000e+02 9.250000000000000000e+02 1.247000000000000000e+03 1.247000000000000000e+03 9.250000000000000000e+02 3.230000000000000000e+02 1.440000000000000000e+02 5.960000000000000000e+02 1.765000000000000000e+03 4.720000000000000000e+02 5.290000000000000000e+02 -1.000000000000000000e+00 0.000000000000000000e+00 1.000000000000000000e+00 0.000000000000000000e+00 0.000000000000000000e+00
-5.000000000000000000e+00 5.280000000000000000e+02 4.660000000000000000e+02 1.758000000000000000e+03 5.920000000000000000e+02 1.450000000000000000e+02 3.230000000000000000e+02 9.220000000000000000e+02 1.245000000000000000e+03 1.245000000000000000e+03 9.220000000000000000e+02 3.230000000000000000e+02 1.450000000000000000e+02 5.920000000000000000e+02 1.758000000000000000e+03 4.660000000000000000e+02 5.280000000000000000e+02 -5.000000000000000000e+00 0.000000000000000000e+00 1.000000000000000000e+00 0.000000000000000000e+00 0.000000000000000000e+00
-9.000000000000000000e+00 5.330000000000000000e+02 4.680000000000000000e+02 1.756000000000000000e+03 5.960000000000000000e+02 1.400000000000000000e+02 3.250000000000000000e+02 9.230000000000000000e+02 1.236000000000000000e+03 1.236000000000000000e+03 9.230000000000000000e+02 3.250000000000000000e+02 1.400000000000000000e+02 5.960000000000000000e+02 1.756000000000000000e+03 4.680000000000000000e+02 5.330000000000000000e+02 -9.000000000000000000e+00 0.000000000000000000e+00 1.000000000000000000e+00 0.000000000000000000e+00 0.000000000000000000e+00
-3.000000000000000000e+00 5.270000000000000000e+02 4.650000000000000000e+02 1.757000000000000000e+03 6.000000000000000000e+02 1.530000000000000000e+02 3.290000000000000000e+02 9.200000000000000000e+02 1.249000000000000000e+03 1.249000000000000000e+03 9.200000000000000000e+02 3.290000000000000000e+02 1.530000000000000000e+02 6.000000000000000000e+02 1.757000000000000000e+03 4.650000000000000000e+02 5.270000000000000000e+02 -3.000000000000000000e+00 0.000000000000000000e+00 1.000000000000000000e+00 0.000000000000000000e+00 0.000000000000000000e+00
-6.000000000000000000e+00 5.230000000000000000e+02 4.690000000000000000e+02 1.744000000000000000e+03 6.000000000000000000e+02 1.450000000000000000e+02 3.320000000000000000e+02 9.190000000000000000e+02 1.247000000000000000e+03 1.247000000000000000e+03 9.190000000000000000e+02 3.320000000000000000e+02 1.450000000000000000e+02 6.000000000000000000e+02 1.744000000000000000e+03 4.690000000000000000e+02 5.230000000000000000e+02 -6.000000000000000000e+00 0.000000000000000000e+00 1.000000000000000000e+00 0.000000000000000000e+00 0.000000000000000000e+00
-2.000000000000000000e+00 5.210000000000000000e+02 4.690000000000000000e+02 1.743000000000000000e+03 5.980000000000000000e+02 1.470000000000000000e+02 3.370000000000000000e+02 9.170000000000000000e+02 1.244000000000000000e+03 1.244000000000000000e+03 9.170000000000000000e+02 3.370000000000000000e+02 1.470000000000000000e+02 5.980000000000000000e+02 1.743000000000000000e+03 4.690000000000000000e+02 5.210000000000000000e+02 -2.000000000000000000e+00 0.000000000000000000e+00 1.000000000000000000e+00 0.000000000000000000e+00 0.000000000000000000e+00
