8.200000000000000000e+01 5.000000000000000000e+00 2.000000000000000000e+00 0.000000000000000000e+00 -2.900000000000000000e+01 -3.000000000000000000e+01 5.100000000000000000e+01 9.000000000000000000e+00 1.200000000000000000e+01 1.200000000000000000e+01 9.000000000000000000e+00 5.100000000000000000e+01 -3.000000000000000000e+01 -2.900000000000000000e+01 0.000000000000000000e+00 2.000000000000000000e+00 5.000000000000000000e+00 8.200000000000000000e+01 1.000000000000000000e+00 0.000000000000000000e+00 0.000000000000000000e+00 0.000000000000000000e+00
3.000000000000000000e+00 4.000000000000000000e+01 3.000000000000000000e+00 -3.100000000000000000e+01 -3.300000000000000000e+01 -3.400000000000000000e+01 1.200000000000000000e+02 9.000000000000000000e+00 1.200000000000000000e+01 1.200000000000000000e+01 9.000000000000000000e+00 1.200000000000000000e+02 -3.400000000000000000e+01 -3.300000000000000000e+01 -3.100000000000000000e+01 3.000000000000000000e+00 4.000000000000000000e+01 3.000000000000000000e+00 1.000000000000000000e+00 0.000000000000000000e+00 0.000000000000000000e+00 0.000000000000000000e+00
-6.000000000000000000e+00 -1.000000000000000000e+00 7.600000000000000000e+01 1.100000000000000000e+02 -3.500000000000000000e+01 -3.400000000000000000e+01 6.400000000000000000e+01 1.780000000000000000e+02 0.000000000000000000e+00 0.000000000000000000e+00 1.780000000000000000e+02 6.400000000000000000e+01 -3.400000000000000000e+01 -3.500000000000000000e+01 1.100000000000000000e+02 7.600000000000000000e+01 -1.000000000000000000e+00 -6.000000000000000000e+00 1.000000000000000000e+00 0.000000000000000000e+00 0.000000000000000000e+00 0.000000000000000000e+00
-5.000000000000000000e+00 -3.000000000000000000e+00 9.400000000000000000e+01 1.590000000000000000e+02 -3.100000000000000000e+01 -3.100000000000000000e+01 7.500000000000000000e+01 2.040000000000000000e+02 5.000000000000000000e+00 5.000000000000000000e+00 2.040000000000000000e+02 7.500000000000000000e+01 -3.100000000000000000e+01 -3.100000000000000000e+01 1.590000000000000000e+02 9.400000000000000000e+01 -3.000000000000000000e+00 -5.000000000000000000e+00 1.000000000000000000e+00 0.000000000000000000e+00 0.000000000000000000e+00 0.000000000000000000e+00
-1.100000000000000000e+01 9.000000000000000000e+00 1.060000000000000000e+02 2.030000000000000000e+02 -2.200000000000000000e+01 -3.100000000000000000e+01 1.070000000000000000e+02 2.290000000000000000e+02 1.500000000000000000e+01 1.500000000000000000e+01 2.290000000000000000e+02 1.070000000000000000e+02 -3.100000000000000000e+01 -2.200000000000000000e+01 2.030000000000000000e+02 1.060000000000000000e+02 9.000000000000000000e+00 -1.100000000000000000e+01 1.000000000000000000e+00 0.000000000000000000e+00 0.000000000000000000e+00 0.000000000000000000e+00
9.000000000000000000e+00 1.000000000000000000e+00 1.090000000000000000e+02 2.390000000000000000e+02 -2.000000000000000000e+00 -3.100000000000000000e+01 1.230000000000000000e+02 2.420000000000000000e+02 3.200000000000000000e+01 3.200000000000000000e+01 2.420000000000000000e+02 1.230000000000000000e+02 -3.100000000000000000e+01 -2.000000000000000000e+00 2.390000000000000000e+02 1.090000000000000000e+02 1.000000000000000000e+00 9.000000000000000000e+00 1.000000000000000000e+00 0.000000000000000000e+00 0.000000000000000000e+00 0.000000000000000000e+00
8.000000000000000000e+00 -6.000000000000000000e+00 1.280000000000000000e+02 2.910000000000000000e+02 2.700000000000000000e+01 -3.100000000000000000e+01 1.430000000000000000e+02 2.700000000000000000e+02 5.900000000000000000e+01 5.900000000000000000e+01 2.700000000000000000e+02 1.430000000000000000e+02 -3.100000000000000000e+01 2.700000000000000000e+01 2.910000000000000000e+02 1.280000000000000000e+02 -6.000000000000000000e+00 8.000000000000000000e+00 1.000000000000000000e+00 0.000000000000000000e+00 0.000000000000000000e+00 0.000000000000000000e+00
-5.000000000000000000e+00 -3.000000000000000000e+00 1.450000000000000000e+02 3.550000000000000000e+02 5.000000000000000000e+01 -3.000000000000000000e+01 1.480000000000000000e+02 2.990000000000000000e+02 9.200000000000000000e+01 9.200000000000000000e+01 2.990000000000000000e+02 1.480000000000000000e+02 -3.000000000000000000e+01 5.000000000000000000e+01 3.550000000000000000e+02 1.450000000000000000e+02 -3.000000000000000000e+00 -5.000000000000000000e+00 1.000000000000000000e+00 0.000000000000000000e+00 0.000000000000000000e+00 0.000000000000000000e+00
1.000000000000000000e+01 -7.000000000000000000e+00 1.800000000000000000e+02 4.320000000000000000e+02 7.300000000000000000e+01 -3.000000000000000000e+01 1.600000000000000000e+02 3.390000000000000000e+02 1.280000000000000000e+02 1.280000000000000000e+02 3.390000000000000000e+02 1.600000000000000000e+02 -3.000000000000000000e+01 7.300000000000000000e+01 4.320000000000000000e+02 1.800000000000000000e+02 -7.000000000000000000e+00 1.000000000000000000e+01 1.000000000000000000e+00 0.000000000000000000e+00 0.000000000000000000e+00 0.000000000000000000e+00
-1.200000000000000000e+01 1.600000000000000000e+01 1.950000000000000000e+02 5.130000000000000000e+02 1.060000000000000000e+02 -3.800000000000000000e+01 1.730000000000000000e+02 3.760000000000000000e+02 1.700000000000000000e+02 1.700000000000000000e+02 3.760000000000000000e+02 1.730000000000000000e+02 -3.800000000000000000e+01 1.060000000000000000e+02 5.130000000000000000e+02 1.950000000000000000e+02 1.600000000000000000e+01 -1.200000000000000000e+01 1.000000000000000000e+00 0.000000000000000000e+00 0.000000000000000000e+00 0.000000000000000000e+00
-3.000000000000000000e+00 1.800000000000000000e+01 2.150000000000000000e+02 5.790000000000000000e+02 1.350000000000000000e+02 -3.400000000000000000e+01 1.870000000000000000e+02 4.090000000000000000e+02 2.150000000000000000e+02 2.150000000000000000e+02 4.090000000000000000e+02 1.870000000000000000e+02 -3.400000000000000000e+01 1.350000000000000000e+02 5.790000000000000000e+02 2.150000000000000000e+02 1.800000000000000000e+01 -3.000000000000000000e+00 1.000000000000000000e+00 0.000000000000000000e+00 0.000000000000000000e+00 0.000000000000000000e+00
-5.000000000000000000e+00 4.000000000000000000e+01 2.170000000000000000e+02 6.280000000000000000e+02 1.590000000000000000e+02 -3.400000000000000000e+01 2.010000000000000000e+02 4.240000000000000000e+02 2.620000000000000000e+02 2.620000000000000000e+02 4.240000000000000000e+02 2.010000000000000000e+02 -3.400000000000000000e+01 1.590000000000000000e+02 6.280000000000000000e+02 2.170000000000000000e+02 4.000000000000000000e+01 -5.000000000000000000e+00 1.000000000000000000e+00 0.000000000000000000e+00 0.000000000000000000e+00 0.000000000000000000e+00
-5.000000000000000000e+00 6.000000000000000000e+01 2.170000000000000000e+02 6.830000000000000000e+02 1.770000000000000000e+02 -3.300000000000000000e+01 2.040000000000000000e+02 4.430000000000000000e+02 3.170000000000000000e+02 3.170000000000000000e+02 4.430000000000000000e+02 2.040000000000000000e+02 -3.300000000000000000e+01 1.770000000000000000e+02 6.830000000000000000e+02 2.170000000000000000e+02 6.000000000000000000e+01 -5.000000000000000000e+00 1.000000000000000000e+00 0.000000000000000000e+00 0.000000000000000000e+00 0.000000000000000000e+00
-5.000000000000000000e+00 8.600000000000000000e+01 2.240000000000000000e+02 7.320000000000000000e+02 1.910000000000000000e+02 -3.700000000000000000e+01 1.960000000000000000e+02 4.610000000000000000e+02 3.700000000000000000e+02 3.700000000000000000e+02 4.610000000000000000e+02 1.960000000000000000e+02 -3.700000000000000000e+01 1.910000000000000000e+02 7.320000000000000000e+02 2.240000000000000000e+02 8.600000000000000000e+01 -5.000000000000000000e+00 1.000000000000000000e+00 0.000000000000000000e+00 0.000000000000000000e+00 0.000000000000000000e+00
2.000000000000000000e+00 1.050000000000000000e+02 2.230000000000000000e+02 7.800000000000000000e+02 2.090000000000000000e+02 -3.500000000000000000e+01 1.970000000000000000e+02 4.710000000000000000e+02 4.160000000000000000e+02 4.160000000000000000e+02 4.710000000000000000e+02 1.970000000000000000e+02 -3.500000000000000000e+01 2.090000000000000000e+02 7.800000000000000000e+02 2.230000000000000000e+02 1.050000000000000000e+02 2.000000000000000000e+00 1.000000000000000000e+00 0.000000000000000000e+00 0.000000000000000000e+00 0.000000000000000000e+00
-4.000000000000000000e+00 1.320000000000000000e+02 2.370000000000000000e+02 8.300000000000000000e+02 2.400000000000000000e+02 -3.100000000000000000e+01 2.110000000000000000e+02 4.920000000000000000e+02 4.690000000000000000e+02 4.690000000000000000e+02 4.920000000000000000e+02 2.110000000000000000e+02 -3.100000000000000000e+01 2.400000000000000000e+02 8.300000000000000000e+02 2.370000000000000000e+02 1.320000000000000000e+02 -4.000000000000000000e+00 1.000000000000000000e+00 0.000000000000000000e+00 0.000000000000000000e+00 0.000000000000000000e+00
-6.000000000000000000e+00 1.670000000000000000e+02 2.700000000000000000e+02 8.820000000000000000e+02 2.880000000000000000e+02 -3.400000000000000000e+01 2.450000000000000000e+02 5.260000000000000000e+02 5.260000000000000000e+02 5.260000000000000000e+02 5.260000000000000000e+02 2.450000000000000000e+02 -3.400000000000000000e+01 2.880000000000000000e+02 8.820000000000000000e+02 2.700000000000000000e+02 1.670000000000000000e+02 -6.000000000000000000e+00 1.000000000000000000e+00 0.000000000000000000e+00 0.000000000000000000e+00 0.000000000000000000e+00
0.000000000000000000e+00 1.920000000000000000e+02 3.110000000000000000e+02 9.650000000000000000e+02 3.290000000000000000e+02 -2.900000000000000000e+01 2.720000000000000000e+02 5.680000000000000000e+02 5.810000000000000000e+02 5.810000000000000000e+02 5.680000000000000000e+02 2.720000000000000000e+02 -2.900000000000000000e+01 3.290000000000000000e+02 9.650000000000000000e+02 3.110000000000000000e+02 1.920000000000000000e+02 0.000000000000000000e+00 1.000000000000000000e+00 0.000000000000000000e+00 0.000000000000000000e+00 0.000000000000000000e+00
0.000000000000000000e+00 2.230000000000000000e+02 3.460000000000000000e+02 1.059000000000000000e+03 3.800000000000000000e+02 -3.100000000000000000e+01 2.900000000000000000e+02 6.300000000000000000e+02 6.320000000000000000e+02 6.320000000000000000e+02 6.300000000000000000e+02 2.900000000000000000e+02 -3.100000000000000000e+01 3.800000000000000000e+02 1.059000000000000000e+03 3.460000000000000000e+02 2.230000000000000000e+02 0.000000000000000000e+00 1.000000000000000000e+00 0.000000000000000000e+00 0.000000000000000000e+00 0.000000000000000000e+00
0.000000000000000000e+00 2.590000000000000000e+02 3.910000000000000000e+02 1.162000000000000000e+03 4.130000000000000000e+02 -3.100000000000000000e+01 2.990000000000000000e+02 6.820000000000000000e+02 6.900000000000000000e+02 6.900000000000000000e+02 6.820000000000000000e+02 2.990000000000000000e+02 -3.100000000000000000e+01 4.130000000000000000e+02 1.162000000000000000e+03 3.910000000000000000e+02 2.590000000000000000e+02 0.000000000000000000e+00 1.000000000000000000e+00 0.000000000000000000e+00 0.000000000000000000e+00 0.000000000000000000e+00
5.000000000000000000e+00 2.840000000000000000e+02 4.000000000000000000e+02 1.249000000000000000e+03 4.330000000000000000e+02 -3.100000000000000000e+01 2.910000000000000000e+02 7.200000000000000000e+02 7.310000000000000000e+02 7.310000000000000000e+02 7.200000000000000000e+02 2.910000000000000000e+02 -3.100000000000000000e+01 4.330000000000000000e+02 1.249000000000000000e+03 4.000000000000000000e+02 2.840000000000000000e+02 5.000000000000000000e+00 1.000000000000000000e+00 0.000000000000000000e+00 0.000000000000000000e+00 0.000000000000000000e+00
5.000000000000000000e+00 3.110000000000000000e+02 4.020000000000000000e+02 1.313000000000000000e+03 4.460000000000000000e+02 -3.400000000000000000e+01 2.950000000000000000e+02 7.310000000000000000e+02 7.810000000000000000e+02 7.810000000000000000e+02 7.310000000000000000e+02 2.950000000000000000e+02 -3.400000000000000000e+01 4.460000000000000000e+02 1.313000000000000000e+03 4.020000000000000000e+02 3.110000000000000000e+02 5.000000000000000000e+00 1.000000000000000000e+00 0.000000000000000000e+00 0.000000000000000000e+00 0.000000000000000000e+00
0.000000000000000000e+00 3.270000000000000000e+02 3.910000000000000000e+02 1.341000000000000000e+03 4.470000000000000000e+02 -3.100000000000000000e+01 2.920000000000000000e+02 7.330000000000000000e+02 8.280000000000000000e+02 8.280000000000000000e+02 7.330000000000000000e+02 2.920000000000000000e+02 -3.100000000000000000e+01 4.470000000000000000e+02 1.341000000000000000e+03 3.910000000000000000e+02 3.270000000000000000e+02 0.000000000000000000e+00 1.000000000000000000e+00 0.000000000000000000e+00 0.000000000000000000e+00 0.000000000000000000e+00
-9.000000000000000000e+00 3.440000000000000000e+02 3.860000000000000000e+02 1.369000000000000000e+03 4.500000000000000000e+02 -7.000000000000000000e+00 2.910000000000000000e+02 7.360000000000000000e+02 8.780000000000000000e+02 8.780000000000000000e+02 7.360000000000000000e+02 2.910000000000000000e+02 -7.000000000000000000e+00 4.500000000000000000e+02 1.369000000000000000e+03 3.860000000000000000e+02 3.440000000000000000e+02 -9.000000000000000000e+00 1.000000000000000000e+00 0.000000000000000000e+00 0.000000000000000000e+00 0.000000000000000000e+00
5.000000000000000000e+00 3.590000000000000000e+02 3.850000000000000000e+02 1.402000000000000000e+03 4.490000000000000000e+02 8.000000000000000000e+00 2.850000000000000000e+02 7.390000000000000000e+02 9.270000000000000000e+02 9.270000000000000000e+02 7.390000000000000000e+02 2.850000000000000000e+02 8.000000000000000000e+00 4.490000000000000000e+02 1.402000000000000000e+03 3.850000000000000000e+02 3.590000000000000000e+02 5.000000000000000000e+00 1.000000000000000000e+00 0.000000000000000000e+00 0.000000000000000000e+00 0.000000000000000000e+00
-6.000000000000000000e+00 3.900000000000000000e+02 3.840000000000000000e+02 1.439000000000000000e+03 4.500000000000000000e+02 2.300000000000000000e+01 2.750000000000000000e+02 7.510000000000000000e+02 9.610000000000000000e+02 9.610000000000000000e+02 7.510000000000000000e+02 2.750000000000000000e+02 2.300000000000000000e+01 4.500000000000000000e+02 1.439000000000000000e+03 3.840000000000000000e+02 3.900000000000000000e+02 -6.000000000000000000e+00 1.000000000000000000e+00 0.000000000000000000e+00 0.000000000000000000e+00 0.000000000000000000e+00
2.000000000000000000e+00 4.060000000000000000e+02 3.840000000000000000e+02 1.493000000000000000e+03 4.510000000000000000e+02 3.500000000000000000e+01 2.480000000000000000e+02 7.720000000000000000e+02 9.950000000000000000e+02 9.950000000000000000e+02 7.720000000000000000e+02 2.480000000000000000e+02 3.500000000000000000e+01 4.510000000000000000e+02 1.493000000000000000e+03 3.840000000000000000e+02 4.060000000000000000e+02 2.000000000000000000e+00 1.000000000000000000e+00 0.000000000000000000e+00 0.000000000000000000e+00 0.000000000000000000e+00
-1.000000000000000000e+00 4.250000000000000000e+02 3.970000000000000000e+02 1.560000000000000000e+03 4.520000000000000000e+02 5.200000000000000000e+01 2.320000000000000000e+02 7.930000000000000000e+02 1.034000000000000000e+03 1.034000000000000000e+03 7.930000000000000000e+02 2.320000000000000000e+02 5.200000000000000000e+01 4.520000000000000000e+02 1.560000000000000000e+03 3.970000000000000000e+02 4.250000000000000000e+02 -1.000000000000000000e+00 1.000000000000000000e+00 0.000000000000000000e+00 0.000000000000000000e+00 0.000000000000000000e+00
-9.000000000000000000e+00 4.440000000000000000e+02 4.160000000000000000e+02 1.617000000000000000e+03 4.610000000000000000e+02 6.100000000000000000e+01 2.180000000000000000e+02 8.170000000000000000e+02 1.072000000000000000e+03 1.072000000000000000e+03 8.170000000000000000e+02 2.180000000000000000e+02 6.100000000000000000e+01 4.610000000000000000e+02 1.617000000000000000e+03 4.160000000000000000e+02 4.440000000000000000e+02 -9.000000000000000000e+00 1.000000000000000000e+00 0.000000000000000000e+00 0.000000000000000000e+00 0.000000000000000000e+00
0.000000000000000000e+00 4.680000000000000000e+02 4.410000000000000000e+02 1.684000000000000000e+03 4.790000000000000000e+02 7.200000000000000000e+01 2.090000000000000000e+02 8.570000000000000000e+02 1.118000000000000000e+03 1.118000000000000000e+03 8.570000000000000000e+02 2.090000000000000000e+02 7.200000000000000000e+01 4.790000000000000000e+02 1.684000000000000000e+03 4.410000000000000000e+02 4.680000000000000000e+02 0.000000000000000000e+00 1.000000000000000000e+00 0.000000000000000000e+00 0.000000000000000000e+00 0.000000000000000000e+00
