0.000000000000000000e+00 5.220000000000000000e+02 4.650000000000000000e+02 1.739000000000000000e+03 6.010000000000000000e+02 1.400000000000000000e+02 3.450000000000000000e+02 9.230000000000000000e+02 1.235000000000000000e+03 1.235000000000000000e+03 9.230000000000000000e+02 3.450000000000000000e+02 1.400000000000000000e+02 6.010000000000000000e+02 1.739000000000000000e+03 4.650000000000000000e+02 5.220000000000000000e+02 0.000000000000000000e+00 0.000000000000000000e+00 0.000000000000000000e+00 1.000000000000000000e+00 0.000000000000000000e+00
-1.000000000000000000e+01 5.210000000000000000e+02 4.700000000000000000e+02 1.725000000000000000e+03 6.000000000000000000e+02 1.430000000000000000e+02 3.490000000000000000e+02 9.170000000000000000e+02 1.232000000000000000e+03 1.232000000000000000e+03 9.170000000000000000e+02 3.490000000000000000e+02 1.430000000000000000e+02 6.000000000000000000e+02 1.725000000000000000e+03 4.700000000000000000e+02 5.210000000000000000e+02 -1.000000000000000000e+01 0.000000000000000000e+00 0.000000000000000000e+00 1.000000000000000000e+00 0.000000000000000000e+00
-4.000000000000000000e+00 5.200000000000000000e+02 4.580000000000000000e+02 1.718000000000000000e+03 6.040000000000000000e+02 1.290000000000000000e+02 3.540000000000000000e+02 9.160000000000000000e+02 1.219000000000000000e+03 1.219000000000000000e+03 9.160000000000000000e+02 3.540000000000000000e+02 1.290000000000000000e+02 6.040000000000000000e+02 1.718000000000000000e+03 4.580000000000000000e+02 5.200000000000000000e+02 -4.000000000000000000e+00 0.000000000000000000e+00 0.000000000000000000e+00 1.000000000000000000e+00 0.000000000000000000e+00
-6.000000000000000000e+00 5.180000000000000000e+02 4.650000000000000000e+02 1.707000000000000000e+03 6.020000000000000000e+02 1.310000000000000000e+02 3.560000000000000000e+02 9.140000000000000000e+02 1.221000000000000000e+03 1.221000000000000000e+03 9.140000000000000000e+02 3.560000000000000000e+02 1.310000000000000000e+02 6.020000000000000000e+02 1.707000000000000000e+03 4.650000000000000000e+02 5.180000000000000000e+02 -6.000000000000000000e+00 0.000000000000000000e+00 0.000000000000000000e+00 1.000000000000000000e+00 0.000000000000000000e+00
2.000000000000000000e+00 5.210000000000000000e+02 4.660000000000000000e+02 1.703000000000000000e+03 6.030000000000000000e+02 1.320000000000000000e+02 3.540000000000000000e+02 9.150000000000000000e+02 1.229000000000000000e+03 1.229000000000000000e+03 9.150000000000000000e+02 3.540000000000000000e+02 1.320000000000000000e+02 6.030000000000000000e+02 1.703000000000000000e+03 4.660000000000000000e+02 5.210000000000000000e+02 2.000000000000000000e+00 0.000000000000000000e+00 0.000000000000000000e+00 1.000000000000000000e+00 0.000000000000000000e+00
-3.000000000000000000e+00 5.180000000000000000e+02 4.670000000000000000e+02 1.707000000000000000e+03 6.080000000000000000e+02 1.360000000000000000e+02 3.570000000000000000e+02 9.180000000000000000e+02 1.228000000000000000e+03 1.228000000000000000e+03 9.180000000000000000e+02 3.570000000000000000e+02 1.360000000000000000e+02 6.080000000000000000e+02 1.707000000000000000e+03 4.670000000000000000e+02 5.180000000000000000e+02 -3.000000000000000000e+00 0.000000000000000000e+00 0.000000000000000000e+00 1.000000000000000000e+00 0.000000000000000000e+00
-2.000000000000000000e+00 5.200000000000000000e+02 4.720000000000000000e+02 1.705000000000000000e+03 6.080000000000000000e+02 1.360000000000000000e+02 3.630000000000000000e+02 9.180000000000000000e+02 1.234000000000000000e+03 1.234000000000000000e+03 9.180000000000000000e+02 3.630000000000000000e+02 1.360000000000000000e+02 6.080000000000000000e+02 1.705000000000000000e+03 4.720000000000000000e+02 5.200000000000000000e+02 -2.000000000000000000e+00 0.000000000000000000e+00 0.000000000000000000e+00 1.000000000000000000e+00 0.000000000000000000e+00
-3.000000000000000000e+00 5.180000000000000000e+02 4.730000000000000000e+02 1.710000000000000000e+03 6.060000000000000000e+02 1.380000000000000000e+02 3.610000000000000000e+02 9.160000000000000000e+02 1.229000000000000000e+03 1.229000000000000000e+03 9.160000000000000000e+02 3.610000000000000000e+02 1.380000000000000000e+02 6.060000000000000000e+02 1.710000000000000000e+03 4.730000000000000000e+02 5.180000000000000000e+02 -3.000000000000000000e+00 0.000000000000000000e+00 0.000000000000000000e+00 1.000000000000000000e+00 0.000000000000000000e+00
-4.000000000000000000e+00 5.150000000000000000e+02 4.670000000000000000e+02 1.704000000000000000e+03 6.060000000000000000e+02 1.330000000000000000e+02 3.640000000000000000e+02 9.150000000000000000e+02 1.225000000000000000e+03 1.225000000000000000e+03 9.150000000000000000e+02 3.640000000000000000e+02 1.330000000000000000e+02 6.060000000000000000e+02 1.704000000000000000e+03 4.670000000000000000e+02 5.150000000000000000e+02 -4.000000000000000000e+00 0.000000000000000000e+00 0.000000000000000000e+00 1.000000000000000000e+00 0.000000000000000000e+00
1.000000000000000000e+01 5.200000000000000000e+02 4.670000000000000000e+02 1.703000000000000000e+03 6.080000000000000000e+02 1.360000000000000000e+02 3.660000000000000000e+02 9.160000000000000000e+02 1.226000000000000000e+03 1.226000000000000000e+03 9.160000000000000000e+02 3.660000000000000000e+02 1.360000000000000000e+02 6.080000000000000000e+02 1.703000000000000000e+03 4.670000000000000000e+02 5.200000000000000000e+02 1.000000000000000000e+01 0.000000000000000000e+00 0.000000000000000000e+00 1.000000000000000000e+00 0.000000000000000000e+00
6.000000000000000000e+00 5.180000000000000000e+02 4.770000000000000000e+02 1.696000000000000000e+03 6.090000000000000000e+02 1.350000000000000000e+02 3.620000000000000000e+02 9.160000000000000000e+02 1.229000000000000000e+03 1.229000000000000000e+03 9.160000000000000000e+02 3.620000000000000000e+02 1.350000000000000000e+02 6.090000000000000000e+02 1.696000000000000000e+03 4.770000000000000000e+02 5.180000000000000000e+02 6.000000000000000000e+00 0.000000000000000000e+00 0.000000000000000000e+00 1.000000000000000000e+00 0.000000000000000000e+00
6.000000000000000000e+00 5.160000000000000000e+02 4.700000000000000000e+02 1.695000000000000000e+03 6.110000000000000000e+02 1.310000000000000000e+02 3.720000000000000000e+02 9.160000000000000000e+02 1.225000000000000000e+03 1.225000000000000000e+03 9.160000000000000000e+02 3.720000000000000000e+02 1.310000000000000000e+02 6.110000000000000000e+02 1.695000000000000000e+03 4.700000000000000000e+02 5.160000000000000000e+02 6.000000000000000000e+00 0.000000000000000000e+00 0.000000000000000000e+00 1.000000000000000000e+00 0.000000000000000000e+00
-2.000000000000000000e+00 5.160000000000000000e+02 4.720000000000000000e+02 1.693000000000000000e+03 6.080000000000000000e+02 1.340000000000000000e+02 3.780000000000000000e+02 9.120000000000000000e+02 1.234000000000000000e+03 1.234000000000000000e+03 9.120000000000000000e+02 3.780000000000000000e+02 1.340000000000000000e+02 6.080000000000000000e+02 1.693000000000000000e+03 4.720000000000000000e+02 5.160000000000000000e+02 -2.000000000000000000e+00 0.000000000000000000e+00 0.000000000000000000e+00 1.000000000000000000e+00 0.000000000000000000e+00
-1.000000000000000000e+00 5.150000000000000000e+02 4.720000000000000000e+02 1.691000000000000000e+03 6.090000000000000000e+02 1.350000000000000000e+02 3.800000000000000000e+02 9.150000000000000000e+02 1.225000000000000000e+03 1.225000000000000000e+03 9.150000000000000000e+02 3.800000000000000000e+02 1.350000000000000000e+02 6.090000000000000000e+02 1.691000000000000000e+03 4.720000000000000000e+02 5.150000000000000000e+02 -1.000000000000000000e+00 0.000000000000000000e+00 0.000000000000000000e+00 1.000000000000000000e+00 0.000000000000000000e+00
-1.100000000000000000e+01 5.130000000000000000e+02 4.770000000000000000e+02 1.681000000000000000e+03 6.090000000000000000e+02 1.320000000000000000e+02 3.780000000000000000e+02 9.160000000000000000e+02 1.223000000000000000e+03 1.223000000000000000e+03 9.160000000000000000e+02 3.780000000000000000e+02 1.320000000000000000e+02 6.090000000000000000e+02 1.681000000000000000e+03 4.770000000000000000e+02 5.130000000000000000e+02 -1.100000000000000000e+01 0.000000000000000000e+00 0.000000000000000000e+00 1.000000000000000000e+00 0.000000000000000000e+00
4.000000000000000000e+00 5.110000000000000000e+02 4.720000000000000000e+02 1.690000000000000000e+03 6.090000000000000000e+02 1.270000000000000000e+02 3.760000000000000000e+02 9.150000000000000000e+02 1.224000000000000000e+03 1.224000000000000000e+03 9.150000000000000000e+02 3.760000000000000000e+02 1.270000000000000000e+02 6.090000000000000000e+02 1.690000000000000000e+03 4.720000000000000000e+02 5.110000000000000000e+02 4.000000000000000000e+00 0.000000000000000000e+00 0.000000000000000000e+00 1.000000000000000000e+00 0.000000000000000000e+00
-1.000000000000000000e+00 5.080000000000000000e+02 4.700000000000000000e+02 1.675000000000000000e+03 6.080000000000000000e+02 1.290000000000000000e+02 3.820000000000000000e+02 9.130000000000000000e+02 1.221000000000000000e+03 1.221000000000000000e+03 9.130000000000000000e+02 3.820000000000000000e+02 1.290000000000000000e+02 6.080000000000000000e+02 1.675000000000000000e+03 4.700000000000000000e+02 5.080000000000000000e+02 -1.000000000000000000e+00 0.000000000000000000e+00 0.000000000000000000e+00 1.000000000000000000e+00 0.000000000000000000e+00
-2.000000000000000000e+00 5.040000000000000000e+02 4.630000000000000000e+02 1.668000000000000000e+03 6.080000000000000000e+02 1.210000000000000000e+02 3.810000000000000000e+02 9.100000000000000000e+02 1.208000000000000000e+03 1.208000000000000000e+03 9.100000000000000000e+02 3.810000000000000000e+02 1.210000000000000000e+02 6.080000000000000000e+02 1.668000000000000000e+03 4.630000000000000000e+02 5.040000000000000000e+02 -2.000000000000000000e+00 0.000000000000000000e+00 0.000000000000000000e+00 1.000000000000000000e+00 0.000000000000000000e+00
0.000000000000000000e+00 5.100000000000000000e+02 4.750000000000000000e+02 1.675000000000000000e+03 6.090000000000000000e+02 1.230000000000000000e+02 3.850000000000000000e+02 9.140000000000000000e+02 1.217000000000000000e+03 1.217000000000000000e+03 9.140000000000000000e+02 3.850000000000000000e+02 1.230000000000000000e+02 6.090000000000000000e+02 1.675000000000000000e+03 4.750000000000000000e+02 5.100000000000000000e+02 0.000000000000000000e+00 0.000000000000000000e+00 0.000000000000000000e+00 1.000000000000000000e+00 0.000000000000000000e+00
0.000000000000000000e+00 5.130000000000000000e+02 4.730000000000000000e+02 1.664000000000000000e+03 6.130000000000000000e+02 1.210000000000000000e+02 3.850000000000000000e+02 9.150000000000000000e+02 1.217000000000000000e+03 1.217000000000000000e+03 9.150000000000000000e+02 3.850000000000000000e+02 1.210000000000000000e+02 6.130000000000000000e+02 1.664000000000000000e+03 4.730000000000000000e+02 5.130000000000000000e+02 0.000000000000000000e+00 0.000000000000000000e+00 0.000000000000000000e+00 1.000000000000000000e+00 0.000000000000000000e+00
-2.000000000000000000e+00 5.080000000000000000e+02 4.740000000000000000e+02 1.665000000000000000e+03 6.170000000000000000e+02 1.220000000000000000e+02 3.850000000000000000e+02 9.140000000000000000e+02 1.217000000000000000e+03 1.217000000000000000e+03 9.140000000000000000e+02 3.850000000000000000e+02 1.220000000000000000e+02 6.170000000000000000e+02 1.665000000000000000e+03 4.740000000000000000e+02 5.080000000000000000e+02 -2.000000000000000000e+00 0.000000000000000000e+00 0.000000000000000000e+00 1.000000000000000000e+00 0.000000000000000000e+00
-3.000000000000000000e+00 5.090000000000000000e+02 4.730000000000000000e+02 1.662000000000000000e+03 6.120000000000000000e+02 1.260000000000000000e+02 3.890000000000000000e+02 9.120000000000000000e+02 1.216000000000000000e+03 1.216000000000000000e+03 9.120000000000000000e+02 3.890000000000000000e+02 1.260000000000000000e+02 6.120000000000000000e+02 1.662000000000000000e+03 4.730000000000000000e+02 5.090000000000000000e+02 -3.000000000000000000e+00 0.000000000000000000e+00 0.000000000000000000e+00 1.000000000000000000e+00 0.000000000000000000e+00
6.000000000000000000e+00 5.090000000000000000e+02 4.670000000000000000e+02 1.659000000000000000e+03 6.150000000000000000e+02 1.210000000000000000e+02 3.880000000000000000e+02 9.090000000000000000e+02 1.211000000000000000e+03 1.211000000000000000e+03 9.090000000000000000e+02 3.880000000000000000e+02 1.210000000000000000e+02 6.150000000000000000e+02 1.659000000000000000e+03 4.670000000000000000e+02 5.090000000000000000e+02 6.000000000000000000e+00 0.000000000000000000e+00 0.000000000000000000e+00 1.000000000000000000e+00 0.000000000000000000e+00
1.100000000000000000e+01 5.090000000000000000e+02 4.690000000000000000e+02 1.661000000000000000e+03 6.180000000000000000e+02 1.240000000000000000e+02 3.910000000000000000e+02 9.100000000000000000e+02 1.217000000000000000e+03 1.217000000000000000e+03 9.100000000000000000e+02 3.910000000000000000e+02 1.240000000000000000e+02 6.180000000000000000e+02 1.661000000000000000e+03 4.690000000000000000e+02 5.090000000000000000e+02 1.100000000000000000e+01 0.000000000000000000e+00 0.000000000000000000e+00 1.000000000000000000e+00 0.000000000000000000e+00
-3.000000000000000000e+00 5.040000000000000000e+02 4.760000000000000000e+02 1.662000000000000000e+03 6.160000000000000000e+02 1.300000000000000000e+02 3.920000000000000000e+02 9.120000000000000000e+02 1.223000000000000000e+03 1.223000000000000000e+03 9.120000000000000000e+02 3.920000000000000000e+02 1.300000000000000000e+02 6.160000000000000000e+02 1.662000000000000000e+03 4.760000000000000000e+02 5.040000000000000000e+02 -3.000000000000000000e+00 0.000000000000000000e+00 0.000000000000000000e+00 1.000000000000000000e+00 0.000000000000000000e+00
3.000000000000000000e+00 5.050000000000000000e+02 4.730000000000000000e+02 1.657000000000000000e+03 6.160000000000000000e+02 1.310000000000000000e+02 3.890000000000000000e+02 9.130000000000000000e+02 1.219000000000000000e+03 1.219000000000000000e+03 9.130000000000000000e+02 3.890000000000000000e+02 1.310000000000000000e+02 6.160000000000000000e+02 1.657000000000000000e+03 4.730000000000000000e+02 5.050000000000000000e+02 3.000000000000000000e+00 0.000000000000000000e+00 0.000000000000000000e+00 1.000000000000000000e+00 0.000000000000000000e+00
-3.000000000000000000e+00 5.080000000000000000e+02 4.710000000000000000e+02 1.658000000000000000e+03 6.120000000000000000e+02 1.290000000000000000e+02 3.890000000000000000e+02 9.080000000000000000e+02 1.220000000000000000e+03 1.220000000000000000e+03 9.080000000000000000e+02 3.890000000000000000e+02 1.290000000000000000e+02 6.120000000000000000e+02 1.658000000000000000e+03 4.710000000000000000e+02 5.080000000000000000e+02 -3.000000000000000000e+00 0.000000000000000000e+00 0.000000000000000000e+00 1.000000000000000000e+00 0.000000000000000000e+00
-7.000000000000000000e+00 5.090000000000000000e+02 4.670000000000000000e+02 1.663000000000000000e+03 6.140000000000000000e+02 1.260000000000000000e+02 3.970000000000000000e+02 9.140000000000000000e+02 1.212000000000000000e+03 1.212000000000000000e+03 9.140000000000000000e+02 3.970000000000000000e+02 1.260000000000000000e+02 6.140000000000000000e+02 1.663000000000000000e+03 4.670000000000000000e+02 5.090000000000000000e+02 -7.000000000000000000e+00 0.000000000000000000e+00 0.000000000000000000e+00 1.000000000000000000e+00 0.000000000000000000e+00
2.000000000000000000e+00 5.110000000000000000e+02 4.680000000000000000e+02 1.655000000000000000e+03 6.130000000000000000e+02 1.280000000000000000e+02 3.890000000000000000e+02 9.070000000000000000e+02 1.216000000000000000e+03 1.216000000000000000e+03 9.070000000000000000e+02 3.890000000000000000e+02 1.280000000000000000e+02 6.130000000000000000e+02 1.655000000000000000e+03 4.680000000000000000e+02 5.110000000000000000e+02 2.000000000000000000e+00 0.000000000000000000e+00 0.000000000000000000e+00 1.000000000000000000e+00 0.000000000000000000e+00
0.000000000000000000e+00 5.050000000000000000e+02 4.710000000000000000e+02 1.659000000000000000e+03 6.140000000000000000e+02 1.280000000000000000e+02 3.970000000000000000e+02 9.060000000000000000e+02 1.215000000000000000e+03 1.215000000000000000e+03 9.060000000000000000e+02 3.970000000000000000e+02 1.280000000000000000e+02 6.140000000000000000e+02 1.659000000000000000e+03 4.710000000000000000e+02 5.050000000000000000e+02 0.000000000000000000e+00 0.000000000000000000e+00 0.000000000000000000e+00 1.000000000000000000e+00 0.000000000000000000e+00
