0.000000000000000000e+00 5.130000000000000000e+02 4.690000000000000000e+02 1.652000000000000000e+03 6.150000000000000000e+02 1.300000000000000000e+02 3.950000000000000000e+02 9.080000000000000000e+02 1.213000000000000000e+03 1.213000000000000000e+03 9.080000000000000000e+02 3.950000000000000000e+02 1.300000000000000000e+02 6.150000000000000000e+02 1.652000000000000000e+03 4.690000000000000000e+02 5.130000000000000000e+02 0.000000000000000000e+00 0.000000000000000000e+00 0.000000000000000000e+00 0.000000000000000000e+00 1.000000000000000000e+00
0.000000000000000000e+00 5.060000000000000000e+02 4.660000000000000000e+02 1.638000000000000000e+03 6.160000000000000000e+02 1.250000000000000000e+02 3.960000000000000000e+02 9.070000000000000000e+02 1.205000000000000000e+03 1.205000000000000000e+03 9.070000000000000000e+02 3.960000000000000000e+02 1.250000000000000000e+02 6.160000000000000000e+02 1.638000000000000000e+03 4.660000000000000000e+02 5.060000000000000000e+02 0.000000000000000000e+00 0.000000000000000000e+00 0.000000000000000000e+00 0.000000000000000000e+00 1.000000000000000000e+00
2.000000000000000000e+00 5.030000000000000000e+02 4.660000000000000000e+02 1.633000000000000000e+03 6.180000000000000000e+02 1.220000000000000000e+02 3.990000000000000000e+02 9.020000000000000000e+02 1.203000000000000000e+03 1.203000000000000000e+03 9.020000000000000000e+02 3.990000000000000000e+02 1.220000000000000000e+02 6.180000000000000000e+02 1.633000000000000000e+03 4.660000000000000000e+02 5.030000000000000000e+02 2.000000000000000000e+00 0.000000000000000000e+00 0.000000000000000000e+00 0.000000000000000000e+00 1.000000000000000000e+00
6.000000000000000000e+00 4.940000000000000000e+02 4.630000000000000000e+02 1.626000000000000000e+03 6.160000000000000000e+02 1.180000000000000000e+02 4.070000000000000000e+02 9.020000000000000000e+02 1.200000000000000000e+03 1.200000000000000000e+03 9.020000000000000000e+02 4.070000000000000000e+02 1.180000000000000000e+02 6.160000000000000000e+02 1.626000000000000000e+03 4.630000000000000000e+02 4.940000000000000000e+02 6.000000000000000000e+00 0.000000000000000000e+00 0.000000000000000000e+00 0.000000000000000000e+00 1.000000000000000000e+00
7.000000000000000000e+00 5.020000000000000000e+02 4.720000000000000000e+02 1.620000000000000000e+03 6.160000000000000000e+02 1.180000000000000000e+02 4.100000000000000000e+02 9.100000000000000000e+02 1.204000000000000000e+03 1.204000000000000000e+03 9.100000000000000000e+02 4.100000000000000000e+02 1.180000000000000000e+02 6.160000000000000000e+02 1.620000000000000000e+03 4.720000000000000000e+02 5.020000000000000000e+02 7.000000000000000000e+00 0.000000000000000000e+00 0.000000000000000000e+00 0.000000000000000000e+00 1.000000000000000000e+00
4.000000000000000000e+00 4.990000000000000000e+02 4.650000000000000000e+02 1.625000000000000000e+03 6.210000000000000000e+02 1.180000000000000000e+02 4.110000000000000000e+02 9.060000000000000000e+02 1.201000000000000000e+03 1.201000000000000000e+03 9.060000000000000000e+02 4.110000000000000000e+02 1.180000000000000000e+02 6.210000000000000000e+02 1.625000000000000000e+03 4.650000000000000000e+02 4.990000000000000000e+02 4.000000000000000000e+00 0.000000000000000000e+00 0.000000000000000000e+00 0.000000000000000000e+00 1.000000000000000000e+00
2.000000000000000000e+00 5.100000000000000000e+02 4.710000000000000000e+02 1.621000000000000000e+03 6.230000000000000000e+02 1.210000000000000000e+02 4.100000000000000000e+02 9.030000000000000000e+02 1.206000000000000000e+03 1.206000000000000000e+03 9.030000000000000000e+02 4.100000000000000000e+02 1.210000000000000000e+02 6.230000000000000000e+02 1.621000000000000000e+03 4.710000000000000000e+02 5.100000000000000000e+02 2.000000000000000000e+00 0.000000000000000000e+00 0.000000000000000000e+00 0.000000000000000000e+00 1.000000000000000000e+00
7.000000000000000000e+00 5.080000000000000000e+02 4.730000000000000000e+02 1.630000000000000000e+03 6.170000000000000000e+02 1.200000000000000000e+02 4.140000000000000000e+02 9.080000000000000000e+02 1.205000000000000000e+03 1.205000000000000000e+03 9.080000000000000000e+02 4.140000000000000000e+02 1.200000000000000000e+02 6.170000000000000000e+02 1.630000000000000000e+03 4.730000000000000000e+02 5.080000000000000000e+02 7.000000000000000000e+00 0.000000000000000000e+00 0.000000000000000000e+00 0.000000000000000000e+00 1.000000000000000000e+00
4.000000000000000000e+00 5.010000000000000000e+02 4.700000000000000000e+02 1.625000000000000000e+03 6.210000000000000000e+02 1.220000000000000000e+02 4.080000000000000000e+02 9.080000000000000000e+02 1.200000000000000000e+03 1.200000000000000000e+03 9.080000000000000000e+02 4.080000000000000000e+02 1.220000000000000000e+02 6.210000000000000000e+02 1.625000000000000000e+03 4.700000000000000000e+02 5.010000000000000000e+02 4.000000000000000000e+00 0.000000000000000000e+00 0.000000000000000000e+00 0.000000000000000000e+00 1.000000000000000000e+00
0.000000000000000000e+00 5.020000000000000000e+02 4.710000000000000000e+02 1.630000000000000000e+03 6.210000000000000000e+02 1.260000000000000000e+02 4.090000000000000000e+02 9.100000000000000000e+02 1.213000000000000000e+03 1.213000000000000000e+03 9.100000000000000000e+02 4.090000000000000000e+02 1.260000000000000000e+02 6.210000000000000000e+02 1.630000000000000000e+03 4.710000000000000000e+02 5.020000000000000000e+02 0.000000000000000000e+00 0.000000000000000000e+00 0.000000000000000000e+00 0.000000000000000000e+00 1.000000000000000000e+00
-3.000000000000000000e+00 5.060000000000000000e+02 4.680000000000000000e+02 1.632000000000000000e+03 6.190000000000000000e+02 1.270000000000000000e+02 4.130000000000000000e+02 9.090000000000000000e+02 1.212000000000000000e+03 1.212000000000000000e+03 9.090000000000000000e+02 4.130000000000000000e+02 1.270000000000000000e+02 6.190000000000000000e+02 1.632000000000000000e+03 4.680000000000000000e+02 5.060000000000000000e+02 -3.000000000000000000e+00 0.000000000000000000e+00 0.000000000000000000e+00 0.000000000000000000e+00 1.000000000000000000e+00
4.000000000000000000e+00 5.030000000000000000e+02 4.670000000000000000e+02 1.632000000000000000e+03 6.220000000000000000e+02 1.210000000000000000e+02 4.150000000000000000e+02 9.090000000000000000e+02 1.206000000000000000e+03 1.206000000000000000e+03 9.090000000000000000e+02 4.150000000000000000e+02 1.210000000000000000e+02 6.220000000000000000e+02 1.632000000000000000e+03 4.670000000000000000e+02 5.030000000000000000e+02 4.000000000000000000e+00 0.000000000000000000e+00 0.000000000000000000e+00 0.000000000000000000e+00 1.000000000000000000e+00
-3.000000000000000000e+00 5.040000000000000000e+02 4.680000000000000000e+02 1.625000000000000000e+03 6.260000000000000000e+02 1.190000000000000000e+02 4.170000000000000000e+02 9.080000000000000000e+02 1.200000000000000000e+03 1.200000000000000000e+03 9.080000000000000000e+02 4.170000000000000000e+02 1.190000000000000000e+02 6.260000000000000000e+02 1.625000000000000000e+03 4.680000000000000000e+02 5.040000000000000000e+02 -3.000000000000000000e+00 0.000000000000000000e+00 0.000000000000000000e+00 0.000000000000000000e+00 1.000000000000000000e+00
-1.400000000000000000e+01 5.030000000000000000e+02 4.670000000000000000e+02 1.614000000000000000e+03 6.220000000000000000e+02 1.210000000000000000e+02 4.190000000000000000e+02 9.060000000000000000e+02 1.198000000000000000e+03 1.198000000000000000e+03 9.060000000000000000e+02 4.190000000000000000e+02 1.210000000000000000e+02 6.220000000000000000e+02 1.614000000000000000e+03 4.670000000000000000e+02 5.030000000000000000e+02 -1.400000000000000000e+01 0.000000000000000000e+00 0.000000000000000000e+00 0.000000000000000000e+00 1.000000000000000000e+00
-1.000000000000000000e+00 5.000000000000000000e+02 4.710000000000000000e+02 1.616000000000000000e+03 6.250000000000000000e+02 1.240000000000000000e+02 4.160000000000000000e+02 9.040000000000000000e+02 1.204000000000000000e+03 1.204000000000000000e+03 9.040000000000000000e+02 4.160000000000000000e+02 1.240000000000000000e+02 6.250000000000000000e+02 1.616000000000000000e+03 4.710000000000000000e+02 5.000000000000000000e+02 -1.000000000000000000e+00 0.000000000000000000e+00 0.000000000000000000e+00 0.000000000000000000e+00 1.000000000000000000e+00
-2.000000000000000000e+00 4.960000000000000000e+02 4.650000000000000000e+02 1.612000000000000000e+03 6.240000000000000000e+02 1.220000000000000000e+02 4.280000000000000000e+02 9.040000000000000000e+02 1.194000000000000000e+03 1.194000000000000000e+03 9.040000000000000000e+02 4.280000000000000000e+02 1.220000000000000000e+02 6.240000000000000000e+02 1.612000000000000000e+03 4.650000000000000000e+02 4.960000000000000000e+02 -2.000000000000000000e+00 0.000000000000000000e+00 0.000000000000000000e+00 0.000000000000000000e+00 1.000000000000000000e+00
-3.000000000000000000e+00 4.990000000000000000e+02 4.690000000000000000e+02 1.606000000000000000e+03 6.240000000000000000e+02 1.190000000000000000e+02 4.200000000000000000e+02 9.040000000000000000e+02 1.199000000000000000e+03 1.199000000000000000e+03 9.040000000000000000e+02 4.200000000000000000e+02 1.190000000000000000e+02 6.240000000000000000e+02 1.606000000000000000e+03 4.690000000000000000e+02 4.990000000000000000e+02 -3.000000000000000000e+00 0.000000000000000000e+00 0.000000000000000000e+00 0.000000000000000000e+00 1.000000000000000000e+00
0.000000000000000000e+00 5.060000000000000000e+02 4.720000000000000000e+02 1.606000000000000000e+03 6.260000000000000000e+02 1.210000000000000000e+02 4.240000000000000000e+02 9.100000000000000000e+02 1.201000000000000000e+03 1.201000000000000000e+03 9.100000000000000000e+02 4.240000000000000000e+02 1.210000000000000000e+02 6.260000000000000000e+02 1.606000000000000000e+03 4.720000000000000000e+02 5.060000000000000000e+02 0.000000000000000000e+00 0.000000000000000000e+00 0.000000000000000000e+00 0.000000000000000000e+00 1.000000000000000000e+00
4.000000000000000000e+00 5.050000000000000000e+02 4.690000000000000000e+02 1.618000000000000000e+03 6.300000000000000000e+02 1.230000000000000000e+02 4.330000000000000000e+02 9.080000000000000000e+02 1.209000000000000000e+03 1.209000000000000000e+03 9.080000000000000000e+02 4.330000000000000000e+02 1.230000000000000000e+02 6.300000000000000000e+02 1.618000000000000000e+03 4.690000000000000000e+02 5.050000000000000000e+02 4.000000000000000000e+00 0.000000000000000000e+00 0.000000000000000000e+00 0.000000000000000000e+00 1.000000000000000000e+00
0.000000000000000000e+00 5.030000000000000000e+02 4.700000000000000000e+02 1.609000000000000000e+03 6.250000000000000000e+02 1.220000000000000000e+02 4.320000000000000000e+02 9.050000000000000000e+02 1.203000000000000000e+03 1.203000000000000000e+03 9.050000000000000000e+02 4.320000000000000000e+02 1.220000000000000000e+02 6.250000000000000000e+02 1.609000000000000000e+03 4.700000000000000000e+02 5.030000000000000000e+02 0.000000000000000000e+00 0.000000000000000000e+00 0.000000000000000000e+00 0.000000000000000000e+00 1.000000000000000000e+00
0.000000000000000000e+00 5.030000000000000000e+02 4.780000000000000000e+02 1.612000000000000000e+03 6.250000000000000000e+02 1.260000000000000000e+02 4.320000000000000000e+02 9.010000000000000000e+02 1.201000000000000000e+03 1.201000000000000000e+03 9.010000000000000000e+02 4.320000000000000000e+02 1.260000000000000000e+02 6.250000000000000000e+02 1.612000000000000000e+03 4.780000000000000000e+02 5.030000000000000000e+02 0.000000000000000000e+00 0.000000000000000000e+00 0.000000000000000000e+00 0.000000000000000000e+00 1.000000000000000000e+00
-2.000000000000000000e+00 4.970000000000000000e+02 4.740000000000000000e+02 1.612000000000000000e+03 6.220000000000000000e+02 1.240000000000000000e+02 4.290000000000000000e+02 9.060000000000000000e+02 1.201000000000000000e+03 1.201000000000000000e+03 9.060000000000000000e+02 4.290000000000000000e+02 1.240000000000000000e+02 6.220000000000000000e+02 1.612000000000000000e+03 4.740000000000000000e+02 4.970000000000000000e+02 -2.000000000000000000e+00 0.000000000000000000e+00 0.000000000000000000e+00 0.000000000000000000e+00 1.000000000000000000e+00
2.000000000000000000e+00 4.990000000000000000e+02 4.760000000000000000e+02 1.603000000000000000e+03 6.200000000000000000e+02 1.220000000000000000e+02 4.320000000000000000e+02 9.050000000000000000e+02 1.195000000000000000e+03 1.195000000000000000e+03 9.050000000000000000e+02 4.320000000000000000e+02 1.220000000000000000e+02 6.200000000000000000e+02 1.603000000000000000e+03 4.760000000000000000e+02 4.990000000000000000e+02 2.000000000000000000e+00 0.000000000000000000e+00 0.000000000000000000e+00 0.000000000000000000e+00 1.000000000000000000e+00
-9.000000000000000000e+00 4.980000000000000000e+02 4.650000000000000000e+02 1.603000000000000000e+03 6.180000000000000000e+02 1.170000000000000000e+02 4.290000000000000000e+02 9.020000000000000000e+02 1.191000000000000000e+03 1.191000000000000000e+03 9.020000000000000000e+02 4.290000000000000000e+02 1.170000000000000000e+02 6.180000000000000000e+02 1.603000000000000000e+03 4.650000000000000000e+02 4.980000000000000000e+02 -9.000000000000000000e+00 0.000000000000000000e+00 0.000000000000000000e+00 0.000000000000000000e+00 1.000000000000000000e+00
-1.000000000000000000e+00 5.010000000000000000e+02 4.830000000000000000e+02 1.604000000000000000e+03 6.270000000000000000e+02 1.190000000000000000e+02 4.310000000000000000e+02 9.080000000000000000e+02 1.191000000000000000e+03 1.191000000000000000e+03 9.080000000000000000e+02 4.310000000000000000e+02 1.190000000000000000e+02 6.270000000000000000e+02 1.604000000000000000e+03 4.830000000000000000e+02 5.010000000000000000e+02 -1.000000000000000000e+00 0.000000000000000000e+00 0.000000000000000000e+00 0.000000000000000000e+00 1.000000000000000000e+00
-7.000000000000000000e+00 4.930000000000000000e+02 4.680000000000000000e+02 1.600000000000000000e+03 6.230000000000000000e+02 1.180000000000000000e+02 4.340000000000000000e+02 9.010000000000000000e+02 1.191000000000000000e+03 1.191000000000000000e+03 9.010000000000000000e+02 4.340000000000000000e+02 1.180000000000000000e+02 6.230000000000000000e+02 1.600000000000000000e+03 4.680000000000000000e+02 4.930000000000000000e+02 -7.000000000000000000e+00 0.000000000000000000e+00 0.000000000000000000e+00 0.000000000000000000e+00 1.000000000000000000e+00
-1.700000000000000000e+01 4.960000000000000000e+02 4.710000000000000000e+02 1.591000000000000000e+03 6.300000000000000000e+02 1.130000000000000000e+02 4.330000000000000000e+02 9.030000000000000000e+02 1.183000000000000000e+03 1.183000000000000000e+03 9.030000000000000000e+02 4.330000000000000000e+02 1.130000000000000000e+02 6.300000000000000000e+02 1.591000000000000000e+03 4.710000000000000000e+02 4.960000000000000000e+02 -1.700000000000000000e+01 0.000000000000000000e+00 0.000000000000000000e+00 0.000000000000000000e+00 1.000000000000000000e+00
5.000000000000000000e+00 4.980000000000000000e+02 4.700000000000000000e+02 1.594000000000000000e+03 6.260000000000000000e+02 1.100000000000000000e+02 4.400000000000000000e+02 9.050000000000000000e+02 1.181000000000000000e+03 1.181000000000000000e+03 9.050000000000000000e+02 4.400000000000000000e+02 1.100000000000000000e+02 6.260000000000000000e+02 1.594000000000000000e+03 4.700000000000000000e+02 4.980000000000000000e+02 5.000000000000000000e+00 0.000000000000000000e+00 0.000000000000000000e+00 0.000000000000000000e+00 1.000000000000000000e+00
2.000000000000000000e+00 4.900000000000000000e+02 4.750000000000000000e+02 1.586000000000000000e+03 6.260000000000000000e+02 1.160000000000000000e+02 4.350000000000000000e+02 9.030000000000000000e+02 1.190000000000000000e+03 1.190000000000000000e+03 9.030000000000000000e+02 4.350000000000000000e+02 1.160000000000000000e+02 6.260000000000000000e+02 1.586000000000000000e+03 4.750000000000000000e+02 4.900000000000000000e+02 2.000000000000000000e+00 0.000000000000000000e+00 0.000000000000000000e+00 0.000000000000000000e+00 1.000000000000000000e+00
-3.000000000000000000e+00 4.860000000000000000e+02 4.680000000000000000e+02 1.587000000000000000e+03 6.270000000000000000e+02 1.160000000000000000e+02 4.370000000000000000e+02 9.050000000000000000e+02 1.187000000000000000e+03 1.187000000000000000e+03 9.050000000000000000e+02 4.370000000000000000e+02 1.160000000000000000e+02 6.270000000000000000e+02 1.587000000000000000e+03 4.680000000000000000e+02 4.860000000000000000e+02 -3.000000000000000000e+00 0.000000000000000000e+00 0.000000000000000000e+00 0.000000000000000000e+00 1.000000000000000000e+00
