-5.000000000000000000e+00 4.000000000000000000e+00 -7.000000000000000000e+00 -6.000000000000000000e+00 1.000000000000000000e+00 -2.000000000000000000e+00 9.100000000000000000e+01 2.400000000000000000e+01 -1.000000000000000000e+00 -1.000000000000000000e+00 2.400000000000000000e+01 9.100000000000000000e+01 -2.000000000000000000e+00 1.000000000000000000e+00 -6.000000000000000000e+00 -7.000000000000000000e+00 4.000000000000000000e+00 -5.000000000000000000e+00 1.000000000000000000e+00 0.000000000000000000e+00 0.000000000000000000e+00 0.000000000000000000e+00
-8.000000000000000000e+00 0.000000000000000000e+00 7.600000000000000000e+01 9.100000000000000000e+01 3.800000000000000000e+01 -4.000000000000000000e+00 2.530000000000000000e+02 1.050000000000000000e+02 -4.000000000000000000e+00 -4.000000000000000000e+00 1.050000000000000000e+02 2.530000000000000000e+02 -4.000000000000000000e+00 3.800000000000000000e+01 9.100000000000000000e+01 7.600000000000000000e+01 0.000000000000000000e+00 -8.000000000000000000e+00 1.000000000000000000e+00 0.000000000000000000e+00 0.000000000000000000e+00 0.000000000000000000e+00
-1.000000000000000000e+00 -5.000000000000000000e+00 1.160000000000000000e+02 1.790000000000000000e+02 1.350000000000000000e+02 2.000000000000000000e+00 3.320000000000000000e+02 1.390000000000000000e+02 -9.000000000000000000e+00 -9.000000000000000000e+00 1.390000000000000000e+02 3.320000000000000000e+02 2.000000000000000000e+00 1.350000000000000000e+02 1.790000000000000000e+02 1.160000000000000000e+02 -5.000000000000000000e+00 -1.000000000000000000e+00 1.000000000000000000e+00 0.000000000000000000e+00 0.000000000000000000e+00 0.000000000000000000e+00
-1.000000000000000000e+00 2.000000000000000000e+00 1.500000000000000000e+02 2.420000000000000000e+02 2.310000000000000000e+02 -3.000000000000000000e+00 4.080000000000000000e+02 1.600000000000000000e+02 -2.000000000000000000e+00 -2.000000000000000000e+00 1.600000000000000000e+02 4.080000000000000000e+02 -3.000000000000000000e+00 2.310000000000000000e+02 2.420000000000000000e+02 1.500000000000000000e+02 2.000000000000000000e+00 -1.000000000000000000e+00 1.000000000000000000e+00 0.000000000000000000e+00 0.000000000000000000e+00 0.000000000000000000e+00
-9.000000000000000000e+00 -4.000000000000000000e+00 1.540000000000000000e+02 2.850000000000000000e+02 2.830000000000000000e+02 -1.000000000000000000e+00 4.450000000000000000e+02 1.860000000000000000e+02 2.800000000000000000e+01 2.800000000000000000e+01 1.860000000000000000e+02 4.450000000000000000e+02 -1.000000000000000000e+00 2.830000000000000000e+02 2.850000000000000000e+02 1.540000000000000000e+02 -4.000000000000000000e+00 -9.000000000000000000e+00 1.000000000000000000e+00 0.000000000000000000e+00 0.000000000000000000e+00 0.000000000000000000e+00
-8.000000000000000000e+00 -5.000000000000000000e+00 1.420000000000000000e+02 3.370000000000000000e+02 3.080000000000000000e+02 0.000000000000000000e+00 4.610000000000000000e+02 2.260000000000000000e+02 6.700000000000000000e+01 6.700000000000000000e+01 2.260000000000000000e+02 4.610000000000000000e+02 0.000000000000000000e+00 3.080000000000000000e+02 3.370000000000000000e+02 1.420000000000000000e+02 -5.000000000000000000e+00 -8.000000000000000000e+00 1.000000000000000000e+00 0.000000000000000000e+00 0.000000000000000000e+00 0.000000000000000000e+00
1.200000000000000000e+01 -8.000000000000000000e+00 1.310000000000000000e+02 3.620000000000000000e+02 3.160000000000000000e+02 4.000000000000000000e+00 4.610000000000000000e+02 2.440000000000000000e+02 1.030000000000000000e+02 1.030000000000000000e+02 2.440000000000000000e+02 4.610000000000000000e+02 4.000000000000000000e+00 3.160000000000000000e+02 3.620000000000000000e+02 1.310000000000000000e+02 -8.000000000000000000e+00 1.200000000000000000e+01 1.000000000000000000e+00 0.000000000000000000e+00 0.000000000000000000e+00 0.000000000000000000e+00
2.800000000000000000e+01 0.000000000000000000e+00 1.240000000000000000e+02 3.800000000000000000e+02 3.160000000000000000e+02 2.000000000000000000e+00 4.590000000000000000e+02 2.720000000000000000e+02 1.290000000000000000e+02 1.290000000000000000e+02 2.720000000000000000e+02 4.590000000000000000e+02 2.000000000000000000e+00 3.160000000000000000e+02 3.800000000000000000e+02 1.240000000000000000e+02 0.000000000000000000e+00 2.800000000000000000e+01 1.000000000000000000e+00 0.000000000000000000e+00 0.000000000000000000e+00 0.000000000000000000e+00
5.600000000000000000e+01 -4.000000000000000000e+00 1.180000000000000000e+02 4.020000000000000000e+02 3.190000000000000000e+02 -4.000000000000000000e+00 4.590000000000000000e+02 2.950000000000000000e+02 1.550000000000000000e+02 1.550000000000000000e+02 2.950000000000000000e+02 4.590000000000000000e+02 -4.000000000000000000e+00 3.190000000000000000e+02 4.020000000000000000e+02 1.180000000000000000e+02 -4.000000000000000000e+00 5.600000000000000000e+01 1.000000000000000000e+00 0.000000000000000000e+00 0.000000000000000000e+00 0.000000000000000000e+00
7.700000000000000000e+01 -3.000000000000000000e+00 1.170000000000000000e+02 4.160000000000000000e+02 3.240000000000000000e+02 -1.000000000000000000e+00 4.590000000000000000e+02 3.130000000000000000e+02 1.820000000000000000e+02 1.820000000000000000e+02 3.130000000000000000e+02 4.590000000000000000e+02 -1.000000000000000000e+00 3.240000000000000000e+02 4.160000000000000000e+02 1.170000000000000000e+02 -3.000000000000000000e+00 7.700000000000000000e+01 1.000000000000000000e+00 0.000000000000000000e+00 0.000000000000000000e+00 0.000000000000000000e+00
1.040000000000000000e+02 0.000000000000000000e+00 1.170000000000000000e+02 4.330000000000000000e+02 3.490000000000000000e+02 -4.000000000000000000e+00 4.690000000000000000e+02 3.260000000000000000e+02 2.090000000000000000e+02 2.090000000000000000e+02 3.260000000000000000e+02 4.690000000000000000e+02 -4.000000000000000000e+00 3.490000000000000000e+02 4.330000000000000000e+02 1.170000000000000000e+02 0.000000000000000000e+00 1.040000000000000000e+02 1.000000000000000000e+00 0.000000000000000000e+00 0.000000000000000000e+00 0.000000000000000000e+00
1.180000000000000000e+02 -8.000000000000000000e+00 1.450000000000000000e+02 4.600000000000000000e+02 3.940000000000000000e+02 1.000000000000000000e+00 5.090000000000000000e+02 3.410000000000000000e+02 2.310000000000000000e+02 2.310000000000000000e+02 3.410000000000000000e+02 5.090000000000000000e+02 1.000000000000000000e+00 3.940000000000000000e+02 4.600000000000000000e+02 1.450000000000000000e+02 -8.000000000000000000e+00 1.180000000000000000e+02 1.000000000000000000e+00 0.000000000000000000e+00 0.000000000000000000e+00 0.000000000000000000e+00
1.330000000000000000e+02 1.000000000000000000e+01 1.740000000000000000e+02 4.930000000000000000e+02 4.370000000000000000e+02 -3.000000000000000000e+00 5.500000000000000000e+02 3.540000000000000000e+02 2.510000000000000000e+02 2.510000000000000000e+02 3.540000000000000000e+02 5.500000000000000000e+02 -3.000000000000000000e+00 4.370000000000000000e+02 4.930000000000000000e+02 1.740000000000000000e+02 1.000000000000000000e+01 1.330000000000000000e+02 1.000000000000000000e+00 0.000000000000000000e+00 0.000000000000000000e+00 0.000000000000000000e+00
1.420000000000000000e+02 1.000000000000000000e+00 1.760000000000000000e+02 5.170000000000000000e+02 4.660000000000000000e+02 -3.000000000000000000e+00 5.810000000000000000e+02 3.520000000000000000e+02 2.660000000000000000e+02 2.660000000000000000e+02 3.520000000000000000e+02 5.810000000000000000e+02 -3.000000000000000000e+00 4.660000000000000000e+02 5.170000000000000000e+02 1.760000000000000000e+02 1.000000000000000000e+00 1.420000000000000000e+02 1.000000000000000000e+00 0.000000000000000000e+00 0.000000000000000000e+00 0.000000000000000000e+00
1.560000000000000000e+02 -1.000000000000000000e+00 1.790000000000000000e+02 5.180000000000000000e+02 4.780000000000000000e+02 0.000000000000000000e+00 5.830000000000000000e+02 3.450000000000000000e+02 2.770000000000000000e+02 2.770000000000000000e+02 3.450000000000000000e+02 5.830000000000000000e+02 0.000000000000000000e+00 4.780000000000000000e+02 5.180000000000000000e+02 1.790000000000000000e+02 -1.000000000000000000e+00 1.560000000000000000e+02 1.000000000000000000e+00 0.000000000000000000e+00 0.000000000000000000e+00 0.000000000000000000e+00
1.610000000000000000e+02 8.000000000000000000e+00 1.720000000000000000e+02 5.170000000000000000e+02 4.890000000000000000e+02 8.000000000000000000e+00 5.870000000000000000e+02 3.350000000000000000e+02 2.860000000000000000e+02 2.860000000000000000e+02 3.350000000000000000e+02 5.870000000000000000e+02 8.000000000000000000e+00 4.890000000000000000e+02 5.170000000000000000e+02 1.720000000000000000e+02 8.000000000000000000e+00 1.610000000000000000e+02 1.000000000000000000e+00 0.000000000000000000e+00 0.000000000000000000e+00 0.000000000000000000e+00
1.600000000000000000e+02 3.000000000000000000e+00 1.760000000000000000e+02 5.370000000000000000e+02 4.940000000000000000e+02 0.000000000000000000e+00 5.950000000000000000e+02 3.400000000000000000e+02 2.880000000000000000e+02 2.880000000000000000e+02 3.400000000000000000e+02 5.950000000000000000e+02 0.000000000000000000e+00 4.940000000000000000e+02 5.370000000000000000e+02 1.760000000000000000e+02 3.000000000000000000e+00 1.600000000000000000e+02 1.000000000000000000e+00 0.000000000000000000e+00 0.000000000000000000e+00 0.000000000000000000e+00
1.570000000000000000e+02 1.000000000000000000e+00 1.840000000000000000e+02 5.480000000000000000e+02 4.970000000000000000e+02 -7.000000000000000000e+00 6.010000000000000000e+02 3.410000000000000000e+02 2.900000000000000000e+02 2.900000000000000000e+02 3.410000000000000000e+02 6.010000000000000000e+02 -7.000000000000000000e+00 4.970000000000000000e+02 5.480000000000000000e+02 1.840000000000000000e+02 1.000000000000000000e+00 1.570000000000000000e+02 1.000000000000000000e+00 0.000000000000000000e+00 0.000000000000000000e+00 0.000000000000000000e+00
1.610000000000000000e+02 7.000000000000000000e+00 1.860000000000000000e+02 5.570000000000000000e+02 4.970000000000000000e+02 0.000000000000000000e+00 6.050000000000000000e+02 3.440000000000000000e+02 2.890000000000000000e+02 2.890000000000000000e+02 3.440000000000000000e+02 6.050000000000000000e+02 0.000000000000000000e+00 4.970000000000000000e+02 5.570000000000000000e+02 1.860000000000000000e+02 7.000000000000000000e+00 1.610000000000000000e+02 1.000000000000000000e+00 0.000000000000000000e+00 0.000000000000000000e+00 0.000000000000000000e+00
1.650000000000000000e+02 6.000000000000000000e+00 1.830000000000000000e+02 5.520000000000000000e+02 4.950000000000000000e+02 2.000000000000000000e+00 6.040000000000000000e+02 3.450000000000000000e+02 2.900000000000000000e+02 2.900000000000000000e+02 3.450000000000000000e+02 6.040000000000000000e+02 2.000000000000000000e+00 4.950000000000000000e+02 5.520000000000000000e+02 1.830000000000000000e+02 6.000000000000000000e+00 1.650000000000000000e+02 1.000000000000000000e+00 0.000000000000000000e+00 0.000000000000000000e+00 0.000000000000000000e+00
1.580000000000000000e+02 3.000000000000000000e+00 1.890000000000000000e+02 5.630000000000000000e+02 5.010000000000000000e+02 -1.000000000000000000e+00 6.050000000000000000e+02 3.480000000000000000e+02 2.920000000000000000e+02 2.920000000000000000e+02 3.480000000000000000e+02 6.050000000000000000e+02 -1.000000000000000000e+00 5.010000000000000000e+02 5.630000000000000000e+02 1.890000000000000000e+02 3.000000000000000000e+00 1.580000000000000000e+02 1.000000000000000000e+00 0.000000000000000000e+00 0.000000000000000000e+00 0.000000000000000000e+00
1.600000000000000000e+02 3.000000000000000000e+00 1.920000000000000000e+02 5.680000000000000000e+02 4.990000000000000000e+02 3.000000000000000000e+00 6.150000000000000000e+02 3.520000000000000000e+02 2.870000000000000000e+02 2.870000000000000000e+02 3.520000000000000000e+02 6.150000000000000000e+02 3.000000000000000000e+00 4.990000000000000000e+02 5.680000000000000000e+02 1.920000000000000000e+02 3.000000000000000000e+00 1.600000000000000000e+02 1.000000000000000000e+00 0.000000000000000000e+00 0.000000000000000000e+00 0.000000000000000000e+00
1.580000000000000000e+02 3.000000000000000000e+00 1.930000000000000000e+02 5.650000000000000000e+02 5.000000000000000000e+02 -4.000000000000000000e+00 6.140000000000000000e+02 3.550000000000000000e+02 2.850000000000000000e+02 2.850000000000000000e+02 3.550000000000000000e+02 6.140000000000000000e+02 -4.000000000000000000e+00 5.000000000000000000e+02 5.650000000000000000e+02 1.930000000000000000e+02 3.000000000000000000e+00 1.580000000000000000e+02 1.000000000000000000e+00 0.000000000000000000e+00 0.000000000000000000e+00 0.000000000000000000e+00
1.570000000000000000e+02 -3.000000000000000000e+00 1.960000000000000000e+02 5.660000000000000000e+02 5.010000000000000000e+02 2.000000000000000000e+00 6.120000000000000000e+02 3.600000000000000000e+02 2.790000000000000000e+02 2.790000000000000000e+02 3.600000000000000000e+02 6.120000000000000000e+02 2.000000000000000000e+00 5.010000000000000000e+02 5.660000000000000000e+02 1.960000000000000000e+02 -3.000000000000000000e+00 1.570000000000000000e+02 1.000000000000000000e+00 0.000000000000000000e+00 0.000000000000000000e+00 0.000000000000000000e+00
1.600000000000000000e+02 2.000000000000000000e+00 1.980000000000000000e+02 5.640000000000000000e+02 4.930000000000000000e+02 6.000000000000000000e+00 6.120000000000000000e+02 3.600000000000000000e+02 2.730000000000000000e+02 2.730000000000000000e+02 3.600000000000000000e+02 6.120000000000000000e+02 6.000000000000000000e+00 4.930000000000000000e+02 5.640000000000000000e+02 1.980000000000000000e+02 2.000000000000000000e+00 1.600000000000000000e+02 1.000000000000000000e+00 0.000000000000000000e+00 0.000000000000000000e+00 0.000000000000000000e+00
1.550000000000000000e+02 7.000000000000000000e+00 1.970000000000000000e+02 5.670000000000000000e+02 4.890000000000000000e+02 1.000000000000000000e+00 6.100000000000000000e+02 3.630000000000000000e+02 2.690000000000000000e+02 2.690000000000000000e+02 3.630000000000000000e+02 6.100000000000000000e+02 1.000000000000000000e+00 4.890000000000000000e+02 5.670000000000000000e+02 1.970000000000000000e+02 7.000000000000000000e+00 1.550000000000000000e+02 1.000000000000000000e+00 0.000000000000000000e+00 0.000000000000000000e+00 0.000000000000000000e+00
1.520000000000000000e+02 -3.000000000000000000e+00 1.970000000000000000e+02 5.650000000000000000e+02 4.860000000000000000e+02 2.000000000000000000e+00 6.090000000000000000e+02 3.630000000000000000e+02 2.670000000000000000e+02 2.670000000000000000e+02 3.630000000000000000e+02 6.090000000000000000e+02 2.000000000000000000e+00 4.860000000000000000e+02 5.650000000000000000e+02 1.970000000000000000e+02 -3.000000000000000000e+00 1.520000000000000000e+02 1.000000000000000000e+00 0.000000000000000000e+00 0.000000000000000000e+00 0.000000000000000000e+00
1.490000000000000000e+02 4.000000000000000000e+00 1.950000000000000000e+02 5.680000000000000000e+02 4.860000000000000000e+02 2.000000000000000000e+00 6.090000000000000000e+02 3.640000000000000000e+02 2.700000000000000000e+02 2.700000000000000000e+02 3.640000000000000000e+02 6.090000000000000000e+02 2.000000000000000000e+00 4.860000000000000000e+02 5.680000000000000000e+02 1.950000000000000000e+02 4.000000000000000000e+00 1.490000000000000000e+02 1.000000000000000000e+00 0.000000000000000000e+00 0.000000000000000000e+00 0.000000000000000000e+00
1.500000000000000000e+02 2.000000000000000000e+00 1.990000000000000000e+02 5.700000000000000000e+02 4.930000000000000000e+02 0.000000000000000000e+00 6.090000000000000000e+02 3.650000000000000000e+02 2.730000000000000000e+02 2.730000000000000000e+02 3.650000000000000000e+02 6.090000000000000000e+02 0.000000000000000000e+00 4.930000000000000000e+02 5.700000000000000000e+02 1.990000000000000000e+02 2.000000000000000000e+00 1.500000000000000000e+02 1.000000000000000000e+00 0.000000000000000000e+00 0.000000000000000000e+00 0.000000000000000000e+00
1.610000000000000000e+02 5.000000000000000000e+00 2.010000000000000000e+02 5.690000000000000000e+02 4.970000000000000000e+02 -6.000000000000000000e+00 6.110000000000000000e+02 3.690000000000000000e+02 2.840000000000000000e+02 2.840000000000000000e+02 3.690000000000000000e+02 6.110000000000000000e+02 -6.000000000000000000e+00 4.970000000000000000e+02 5.690000000000000000e+02 2.010000000000000000e+02 5.000000000000000000e+00 1.610000000000000000e+02 1.000000000000000000e+00 0.000000000000000000e+00 0.000000000000000000e+00 0.000000000000000000e+00
