1.640000000000000000e+02 1.200000000000000000e+01 1.970000000000000000e+02 5.700000000000000000e+02 5.040000000000000000e+02 1.000000000000000000e+00 6.150000000000000000e+02 3.730000000000000000e+02 2.850000000000000000e+02 2.850000000000000000e+02 3.730000000000000000e+02 6.150000000000000000e+02 1.000000000000000000e+00 5.040000000000000000e+02 5.700000000000000000e+02 1.970000000000000000e+02 1.200000000000000000e+01 1.640000000000000000e+02 0.000000000000000000e+00 1.000000000000000000e+00 0.000000000000000000e+00 0.000000000000000000e+00
1.690000000000000000e+02 -2.200000000000000000e+01 1.940000000000000000e+02 5.760000000000000000e+02 5.050000000000000000e+02 2.000000000000000000e+00 6.170000000000000000e+02 3.700000000000000000e+02 2.880000000000000000e+02 2.880000000000000000e+02 3.700000000000000000e+02 6.170000000000000000e+02 2.000000000000000000e+00 5.050000000000000000e+02 5.760000000000000000e+02 1.940000000000000000e+02 -2.200000000000000000e+01 1.690000000000000000e+02 0.000000000000000000e+00 1.000000000000000000e+00 0.000000000000000000e+00 0.000000000000000000e+00
1.660000000000000000e+02 -1.000000000000000000e+00 1.980000000000000000e+02 5.750000000000000000e+02 5.070000000000000000e+02 -1.000000000000000000e+00 6.150000000000000000e+02 3.660000000000000000e+02 2.930000000000000000e+02 2.930000000000000000e+02 3.660000000000000000e+02 6.150000000000000000e+02 -1.000000000000000000e+00 5.070000000000000000e+02 5.750000000000000000e+02 1.980000000000000000e+02 -1.000000000000000000e+00 1.660000000000000000e+02 0.000000000000000000e+00 1.000000000000000000e+00 0.000000000000000000e+00 0.000000000000000000e+00
1.700000000000000000e+02 -1.100000000000000000e+01 1.960000000000000000e+02 5.730000000000000000e+02 5.100000000000000000e+02 -3.000000000000000000e+00 6.170000000000000000e+02 3.700000000000000000e+02 2.950000000000000000e+02 2.950000000000000000e+02 3.700000000000000000e+02 6.170000000000000000e+02 -3.000000000000000000e+00 5.100000000000000000e+02 5.730000000000000000e+02 1.960000000000000000e+02 -1.100000000000000000e+01 1.700000000000000000e+02 0.000000000000000000e+00 1.000000000000000000e+00 0.000000000000000000e+00 0.000000000000000000e+00
1.770000000000000000e+02 1.000000000000000000e+00 1.940000000000000000e+02 5.730000000000000000e+02 5.180000000000000000e+02 -3.000000000000000000e+00 6.180000000000000000e+02 3.680000000000000000e+02 2.960000000000000000e+02 2.960000000000000000e+02 3.680000000000000000e+02 6.180000000000000000e+02 -3.000000000000000000e+00 5.180000000000000000e+02 5.730000000000000000e+02 1.940000000000000000e+02 1.000000000000000000e+00 1.770000000000000000e+02 0.000000000000000000e+00 1.000000000000000000e+00 0.000000000000000000e+00 0.000000000000000000e+00
1.710000000000000000e+02 0.000000000000000000e+00 1.920000000000000000e+02 5.740000000000000000e+02 5.180000000000000000e+02 0.000000000000000000e+00 6.180000000000000000e+02 3.700000000000000000e+02 2.960000000000000000e+02 2.960000000000000000e+02 3.700000000000000000e+02 6.180000000000000000e+02 0.000000000000000000e+00 5.180000000000000000e+02 5.740000000000000000e+02 1.920000000000000000e+02 0.000000000000000000e+00 1.710000000000000000e+02 0.000000000000000000e+00 1.000000000000000000e+00 0.000000000000000000e+00 0.000000000000000000e+00
1.800000000000000000e+02 -3.000000000000000000e+00 1.920000000000000000e+02 5.730000000000000000e+02 5.130000000000000000e+02 -2.000000000000000000e+00 6.170000000000000000e+02 3.710000000000000000e+02 3.010000000000000000e+02 3.010000000000000000e+02 3.710000000000000000e+02 6.170000000000000000e+02 -2.000000000000000000e+00 5.130000000000000000e+02 5.730000000000000000e+02 1.920000000000000000e+02 -3.000000000000000000e+00 1.800000000000000000e+02 0.000000000000000000e+00 1.000000000000000000e+00 0.000000000000000000e+00 0.000000000000000000e+00
1.860000000000000000e+02 4.000000000000000000e+00 1.890000000000000000e+02 5.760000000000000000e+02 5.120000000000000000e+02 2.000000000000000000e+00 6.170000000000000000e+02 3.720000000000000000e+02 3.020000000000000000e+02 3.020000000000000000e+02 3.720000000000000000e+02 6.170000000000000000e+02 2.000000000000000000e+00 5.120000000000000000e+02 5.760000000000000000e+02 1.890000000000000000e+02 4.000000000000000000e+00 1.860000000000000000e+02 0.000000000000000000e+00 1.000000000000000000e+00 0.000000000000000000e+00 0.000000000000000000e+00
1.790000000000000000e+02 -1.000000000000000000e+00 1.920000000000000000e+02 5.750000000000000000e+02 5.120000000000000000e+02 -3.000000000000000000e+00 6.120000000000000000e+02 3.710000000000000000e+02 3.020000000000000000e+02 3.020000000000000000e+02 3.710000000000000000e+02 6.120000000000000000e+02 -3.000000000000000000e+00 5.120000000000000000e+02 5.750000000000000000e+02 1.920000000000000000e+02 -1.000000000000000000e+00 1.790000000000000000e+02 0.000000000000000000e+00 1.000000000000000000e+00 0.000000000000000000e+00 0.000000000000000000e+00
1.800000000000000000e+02 9.000000000000000000e+00 1.890000000000000000e+02 5.720000000000000000e+02 5.110000000000000000e+02 -5.000000000000000000e+00 6.140000000000000000e+02 3.730000000000000000e+02 3.050000000000000000e+02 3.050000000000000000e+02 3.730000000000000000e+02 6.140000000000000000e+02 -5.000000000000000000e+00 5.110000000000000000e+02 5.720000000000000000e+02 1.890000000000000000e+02 9.000000000000000000e+00 1.800000000000000000e+02 0.000000000000000000e+00 1.000000000000000000e+00 0.000000000000000000e+00 0.000000000000000000e+00
1.800000000000000000e+02 1.000000000000000000e+00 1.930000000000000000e+02 5.730000000000000000e+02 5.180000000000000000e+02 -3.000000000000000000e+00 6.110000000000000000e+02 3.770000000000000000e+02 3.040000000000000000e+02 3.040000000000000000e+02 3.770000000000000000e+02 6.110000000000000000e+02 -3.000000000000000000e+00 5.180000000000000000e+02 5.730000000000000000e+02 1.930000000000000000e+02 1.000000000000000000e+00 1.800000000000000000e+02 0.000000000000000000e+00 1.000000000000000000e+00 0.000000000000000000e+00 0.000000000000000000e+00
1.840000000000000000e+02 2.000000000000000000e+00 1.880000000000000000e+02 5.740000000000000000e+02 5.170000000000000000e+02 0.000000000000000000e+00 6.140000000000000000e+02 3.800000000000000000e+02 3.080000000000000000e+02 3.080000000000000000e+02 3.800000000000000000e+02 6.140000000000000000e+02 0.000000000000000000e+00 5.170000000000000000e+02 5.740000000000000000e+02 1.880000000000000000e+02 2.000000000000000000e+00 1.840000000000000000e+02 0.000000000000000000e+00 1.000000000000000000e+00 0.000000000000000000e+00 0.000000000000000000e+00
1.890000000000000000e+02 8.000000000000000000e+00 1.910000000000000000e+02 5.790000000000000000e+02 5.130000000000000000e+02 0.000000000000000000e+00 6.120000000000000000e+02 3.800000000000000000e+02 3.060000000000000000e+02 3.060000000000000000e+02 3.800000000000000000e+02 6.120000000000000000e+02 0.000000000000000000e+00 5.130000000000000000e+02 5.790000000000000000e+02 1.910000000000000000e+02 8.000000000000000000e+00 1.890000000000000000e+02 0.000000000000000000e+00 1.000000000000000000e+00 0.000000000000000000e+00 0.000000000000000000e+00
1.850000000000000000e+02 -3.000000000000000000e+00 1.890000000000000000e+02 5.780000000000000000e+02 5.120000000000000000e+02 -3.000000000000000000e+00 6.120000000000000000e+02 3.820000000000000000e+02 3.010000000000000000e+02 3.010000000000000000e+02 3.820000000000000000e+02 6.120000000000000000e+02 -3.000000000000000000e+00 5.120000000000000000e+02 5.780000000000000000e+02 1.890000000000000000e+02 -3.000000000000000000e+00 1.850000000000000000e+02 0.000000000000000000e+00 1.000000000000000000e+00 0.000000000000000000e+00 0.000000000000000000e+00
1.800000000000000000e+02 6.000000000000000000e+00 1.880000000000000000e+02 5.760000000000000000e+02 5.080000000000000000e+02 0.000000000000000000e+00 6.080000000000000000e+02 3.850000000000000000e+02 3.000000000000000000e+02 3.000000000000000000e+02 3.850000000000000000e+02 6.080000000000000000e+02 0.000000000000000000e+00 5.080000000000000000e+02 5.760000000000000000e+02 1.880000000000000000e+02 6.000000000000000000e+00 1.800000000000000000e+02 0.000000000000000000e+00 1.000000000000000000e+00 0.000000000000000000e+00 0.000000000000000000e+00
1.790000000000000000e+02 9.000000000000000000e+00 1.890000000000000000e+02 5.750000000000000000e+02 5.080000000000000000e+02 1.000000000000000000e+00 6.090000000000000000e+02 3.870000000000000000e+02 2.990000000000000000e+02 2.990000000000000000e+02 3.870000000000000000e+02 6.090000000000000000e+02 1.000000000000000000e+00 5.080000000000000000e+02 5.750000000000000000e+02 1.890000000000000000e+02 9.000000000000000000e+00 1.790000000000000000e+02 0.000000000000000000e+00 1.000000000000000000e+00 0.000000000000000000e+00 0.000000000000000000e+00
1.820000000000000000e+02 -1.000000000000000000e+00 1.900000000000000000e+02 5.770000000000000000e+02 5.040000000000000000e+02 3.000000000000000000e+00 6.080000000000000000e+02 3.870000000000000000e+02 2.960000000000000000e+02 2.960000000000000000e+02 3.870000000000000000e+02 6.080000000000000000e+02 3.000000000000000000e+00 5.040000000000000000e+02 5.770000000000000000e+02 1.900000000000000000e+02 -1.000000000000000000e+00 1.820000000000000000e+02 0.000000000000000000e+00 1.000000000000000000e+00 0.000000000000000000e+00 0.000000000000000000e+00
1.800000000000000000e+02 -5.000000000000000000e+00 1.880000000000000000e+02 5.750000000000000000e+02 5.030000000000000000e+02 0.000000000000000000e+00 6.080000000000000000e+02 3.890000000000000000e+02 2.970000000000000000e+02 2.970000000000000000e+02 3.890000000000000000e+02 6.080000000000000000e+02 0.000000000000000000e+00 5.030000000000000000e+02 5.750000000000000000e+02 1.880000000000000000e+02 -5.000000000000000000e+00 1.800000000000000000e+02 0.000000000000000000e+00 1.000000000000000000e+00 0.000000000000000000e+00 0.000000000000000000e+00
1.810000000000000000e+02 1.600000000000000000e+01 1.930000000000000000e+02 5.770000000000000000e+02 5.040000000000000000e+02 -2.000000000000000000e+00 6.100000000000000000e+02 3.900000000000000000e+02 2.950000000000000000e+02 2.950000000000000000e+02 3.900000000000000000e+02 6.100000000000000000e+02 -2.000000000000000000e+00 5.040000000000000000e+02 5.770000000000000000e+02 1.930000000000000000e+02 1.600000000000000000e+01 1.810000000000000000e+02 0.000000000000000000e+00 1.000000000000000000e+00 0.000000000000000000e+00 0.000000000000000000e+00
1.780000000000000000e+02 5.000000000000000000e+00 1.900000000000000000e+02 5.770000000000000000e+02 5.060000000000000000e+02 2.000000000000000000e+00 6.100000000000000000e+02 3.910000000000000000e+02 2.950000000000000000e+02 2.950000000000000000e+02 3.910000000000000000e+02 6.100000000000000000e+02 2.000000000000000000e+00 5.060000000000000000e+02 5.770000000000000000e+02 1.900000000000000000e+02 5.000000000000000000e+00 1.780000000000000000e+02 0.000000000000000000e+00 1.000000000000000000e+00 0.000000000000000000e+00 0.000000000000000000e+00
1.860000000000000000e+02 5.000000000000000000e+00 1.950000000000000000e+02 5.790000000000000000e+02 5.050000000000000000e+02 4.000000000000000000e+00 6.120000000000000000e+02 3.930000000000000000e+02 2.990000000000000000e+02 2.990000000000000000e+02 3.930000000000000000e+02 6.120000000000000000e+02 4.000000000000000000e+00 5.050000000000000000e+02 5.790000000000000000e+02 1.950000000000000000e+02 5.000000000000000000e+00 1.860000000000000000e+02 0.000000000000000000e+00 1.000000000000000000e+00 0.000000000000000000e+00 0.000000000000000000e+00
1.910000000000000000e+02 -2.000000000000000000e+00 1.900000000000000000e+02 5.790000000000000000e+02 5.050000000000000000e+02 1.000000000000000000e+00 6.110000000000000000e+02 3.960000000000000000e+02 2.980000000000000000e+02 2.980000000000000000e+02 3.960000000000000000e+02 6.110000000000000000e+02 1.000000000000000000e+00 5.050000000000000000e+02 5.790000000000000000e+02 1.900000000000000000e+02 -2.000000000000000000e+00 1.910000000000000000e+02 0.000000000000000000e+00 1.000000000000000000e+00 0.000000000000000000e+00 0.000000000000000000e+00
1.810000000000000000e+02 0.000000000000000000e+00 1.920000000000000000e+02 5.790000000000000000e+02 4.980000000000000000e+02 -2.000000000000000000e+00 6.080000000000000000e+02 3.950000000000000000e+02 2.970000000000000000e+02 2.970000000000000000e+02 3.950000000000000000e+02 6.080000000000000000e+02 -2.000000000000000000e+00 4.980000000000000000e+02 5.790000000000000000e+02 1.920000000000000000e+02 0.000000000000000000e+00 1.810000000000000000e+02 0.000000000000000000e+00 1.000000000000000000e+00 0.000000000000000000e+00 0.000000000000000000e+00
1.840000000000000000e+02 -6.000000000000000000e+00 1.860000000000000000e+02 5.790000000000000000e+02 4.970000000000000000e+02 0.000000000000000000e+00 6.080000000000000000e+02 3.960000000000000000e+02 2.970000000000000000e+02 2.970000000000000000e+02 3.960000000000000000e+02 6.080000000000000000e+02 0.000000000000000000e+00 4.970000000000000000e+02 5.790000000000000000e+02 1.860000000000000000e+02 -6.000000000000000000e+00 1.840000000000000000e+02 0.000000000000000000e+00 1.000000000000000000e+00 0.000000000000000000e+00 0.000000000000000000e+00
1.880000000000000000e+02 5.000000000000000000e+00 1.920000000000000000e+02 5.810000000000000000e+02 5.030000000000000000e+02 -3.000000000000000000e+00 6.100000000000000000e+02 4.010000000000000000e+02 2.970000000000000000e+02 2.970000000000000000e+02 4.010000000000000000e+02 6.100000000000000000e+02 -3.000000000000000000e+00 5.030000000000000000e+02 5.810000000000000000e+02 1.920000000000000000e+02 5.000000000000000000e+00 1.880000000000000000e+02 0.000000000000000000e+00 1.000000000000000000e+00 0.000000000000000000e+00 0.000000000000000000e+00
1.860000000000000000e+02 0.000000000000000000e+00 1.980000000000000000e+02 5.790000000000000000e+02 5.040000000000000000e+02 -1.000000000000000000e+00 6.110000000000000000e+02 4.000000000000000000e+02 2.980000000000000000e+02 2.980000000000000000e+02 4.000000000000000000e+02 6.110000000000000000e+02 -1.000000000000000000e+00 5.040000000000000000e+02 5.790000000000000000e+02 1.980000000000000000e+02 0.000000000000000000e+00 1.860000000000000000e+02 0.000000000000000000e+00 1.000000000000000000e+00 0.000000000000000000e+00 0.000000000000000000e+00
1.810000000000000000e+02 8.000000000000000000e+00 2.040000000000000000e+02 5.820000000000000000e+02 5.050000000000000000e+02 -3.000000000000000000e+00 6.140000000000000000e+02 4.030000000000000000e+02 2.990000000000000000e+02 2.990000000000000000e+02 4.030000000000000000e+02 6.140000000000000000e+02 -3.000000000000000000e+00 5.050000000000000000e+02 5.820000000000000000e+02 2.040000000000000000e+02 8.000000000000000000e+00 1.810000000000000000e+02 0.000000000000000000e+00 1.000000000000000000e+00 0.000000000000000000e+00 0.000000000000000000e+00
1.810000000000000000e+02 -7.000000000000000000e+00 2.000000000000000000e+02 5.850000000000000000e+02 5.040000000000000000e+02 -2.000000000000000000e+00 6.140000000000000000e+02 4.050000000000000000e+02 2.970000000000000000e+02 2.970000000000000000e+02 4.050000000000000000e+02 6.140000000000000000e+02 -2.000000000000000000e+00 5.040000000000000000e+02 5.850000000000000000e+02 2.000000000000000000e+02 -7.000000000000000000e+00 1.810000000000000000e+02 0.000000000000000000e+00 1.000000000000000000e+00 0.000000000000000000e+00 0.000000000000000000e+00
1.860000000000000000e+02 -2.000000000000000000e+00 1.970000000000000000e+02 5.830000000000000000e+02 5.040000000000000000e+02 2.000000000000000000e+00 6.140000000000000000e+02 4.000000000000000000e+02 2.930000000000000000e+02 2.930000000000000000e+02 4.000000000000000000e+02 6.140000000000000000e+02 2.000000000000000000e+00 5.040000000000000000e+02 5.830000000000000000e+02 1.970000000000000000e+02 -2.000000000000000000e+00 1.860000000000000000e+02 0.000000000000000000e+00 1.000000000000000000e+00 0.000000000000000000e+00 0.000000000000000000e+00
1.790000000000000000e+02 3.000000000000000000e+00 1.930000000000000000e+02 5.820000000000000000e+02 5.020000000000000000e+02 -7.000000000000000000e+00 6.100000000000000000e+02 4.050000000000000000e+02 2.950000000000000000e+02 2.950000000000000000e+02 4.050000000000000000e+02 6.100000000000000000e+02 -7.000000000000000000e+00 5.020000000000000000e+02 5.820000000000000000e+02 1.930000000000000000e+02 3.000000000000000000e+00 1.790000000000000000e+02 0.000000000000000000e+00 1.000000000000000000e+00 0.000000000000000000e+00 0.000000000000000000e+00
