4.820000000000000000e+02 8.890000000000000000e+02 2.124000000000000000e+03 2.996000000000000000e+03 4.315000000000000000e+03 -1.100000000000000000e+01 3.161000000000000000e+03 8.090000000000000000e+02 1.101000000000000000e+03 1.101000000000000000e+03 8.090000000000000000e+02 3.161000000000000000e+03 -1.100000000000000000e+01 4.315000000000000000e+03 2.996000000000000000e+03 2.124000000000000000e+03 8.890000000000000000e+02 4.820000000000000000e+02 0.000000000000000000e+00 0.000000000000000000e+00 0.000000000000000000e+00 1.000000000000000000e+00
4.820000000000000000e+02 8.870000000000000000e+02 2.123000000000000000e+03 3.001000000000000000e+03 4.316000000000000000e+03 -7.000000000000000000e+00 3.161000000000000000e+03 8.070000000000000000e+02 1.102000000000000000e+03 1.102000000000000000e+03 8.070000000000000000e+02 3.161000000000000000e+03 -7.000000000000000000e+00 4.316000000000000000e+03 3.001000000000000000e+03 2.123000000000000000e+03 8.870000000000000000e+02 4.820000000000000000e+02 0.000000000000000000e+00 0.000000000000000000e+00 0.000000000000000000e+00 1.000000000000000000e+00
4.910000000000000000e+02 8.880000000000000000e+02 2.127000000000000000e+03 3.003000000000000000e+03 4.323000000000000000e+03 -9.000000000000000000e+00 3.165000000000000000e+03 8.100000000000000000e+02 1.108000000000000000e+03 1.108000000000000000e+03 8.100000000000000000e+02 3.165000000000000000e+03 -9.000000000000000000e+00 4.323000000000000000e+03 3.003000000000000000e+03 2.127000000000000000e+03 8.880000000000000000e+02 4.910000000000000000e+02 0.000000000000000000e+00 0.000000000000000000e+00 0.000000000000000000e+00 1.000000000000000000e+00
4.990000000000000000e+02 8.950000000000000000e+02 2.136000000000000000e+03 3.017000000000000000e+03 4.344000000000000000e+03 -1.100000000000000000e+01 3.176000000000000000e+03 8.240000000000000000e+02 1.111000000000000000e+03 1.111000000000000000e+03 8.240000000000000000e+02 3.176000000000000000e+03 -1.100000000000000000e+01 4.344000000000000000e+03 3.017000000000000000e+03 2.136000000000000000e+03 8.950000000000000000e+02 4.990000000000000000e+02 0.000000000000000000e+00 0.000000000000000000e+00 0.000000000000000000e+00 1.000000000000000000e+00
4.970000000000000000e+02 8.870000000000000000e+02 2.131000000000000000e+03 3.015000000000000000e+03 4.343000000000000000e+03 -9.000000000000000000e+00 3.179000000000000000e+03 8.200000000000000000e+02 1.115000000000000000e+03 1.115000000000000000e+03 8.200000000000000000e+02 3.179000000000000000e+03 -9.000000000000000000e+00 4.343000000000000000e+03 3.015000000000000000e+03 2.131000000000000000e+03 8.870000000000000000e+02 4.970000000000000000e+02 0.000000000000000000e+00 0.000000000000000000e+00 0.000000000000000000e+00 1.000000000000000000e+00
4.910000000000000000e+02 8.900000000000000000e+02 2.135000000000000000e+03 3.013000000000000000e+03 4.341000000000000000e+03 -1.000000000000000000e+00 3.168000000000000000e+03 8.210000000000000000e+02 1.113000000000000000e+03 1.113000000000000000e+03 8.210000000000000000e+02 3.168000000000000000e+03 -1.000000000000000000e+00 4.341000000000000000e+03 3.013000000000000000e+03 2.135000000000000000e+03 8.900000000000000000e+02 4.910000000000000000e+02 0.000000000000000000e+00 0.000000000000000000e+00 0.000000000000000000e+00 1.000000000000000000e+00
4.920000000000000000e+02 8.870000000000000000e+02 2.136000000000000000e+03 3.016000000000000000e+03 4.335000000000000000e+03 -9.000000000000000000e+00 3.169000000000000000e+03 8.240000000000000000e+02 1.111000000000000000e+03 1.111000000000000000e+03 8.240000000000000000e+02 3.169000000000000000e+03 -9.000000000000000000e+00 4.335000000000000000e+03 3.016000000000000000e+03 2.136000000000000000e+03 8.870000000000000000e+02 4.920000000000000000e+02 0.000000000000000000e+00 0.000000000000000000e+00 0.000000000000000000e+00 1.000000000000000000e+00
4.970000000000000000e+02 8.890000000000000000e+02 2.134000000000000000e+03 3.015000000000000000e+03 4.329000000000000000e+03 -1.300000000000000000e+01 3.170000000000000000e+03 8.200000000000000000e+02 1.112000000000000000e+03 1.112000000000000000e+03 8.200000000000000000e+02 3.170000000000000000e+03 -1.300000000000000000e+01 4.329000000000000000e+03 3.015000000000000000e+03 2.134000000000000000e+03 8.890000000000000000e+02 4.970000000000000000e+02 0.000000000000000000e+00 0.000000000000000000e+00 0.000000000000000000e+00 1.000000000000000000e+00
4.940000000000000000e+02 8.870000000000000000e+02 2.130000000000000000e+03 3.018000000000000000e+03 4.325000000000000000e+03 -1.200000000000000000e+01 3.172000000000000000e+03 8.150000000000000000e+02 1.113000000000000000e+03 1.113000000000000000e+03 8.150000000000000000e+02 3.172000000000000000e+03 -1.200000000000000000e+01 4.325000000000000000e+03 3.018000000000000000e+03 2.130000000000000000e+03 8.870000000000000000e+02 4.940000000000000000e+02 0.000000000000000000e+00 0.000000000000000000e+00 0.000000000000000000e+00 1.000000000000000000e+00
4.930000000000000000e+02 8.890000000000000000e+02 2.130000000000000000e+03 3.016000000000000000e+03 4.323000000000000000e+03 -1.300000000000000000e+01 3.171000000000000000e+03 8.150000000000000000e+02 1.110000000000000000e+03 1.110000000000000000e+03 8.150000000000000000e+02 3.171000000000000000e+03 -1.300000000000000000e+01 4.323000000000000000e+03 3.016000000000000000e+03 2.130000000000000000e+03 8.890000000000000000e+02 4.930000000000000000e+02 0.000000000000000000e+00 0.000000000000000000e+00 0.000000000000000000e+00 1.000000000000000000e+00
4.920000000000000000e+02 8.950000000000000000e+02 2.141000000000000000e+03 3.014000000000000000e+03 4.338000000000000000e+03 -9.000000000000000000e+00 3.175000000000000000e+03 8.190000000000000000e+02 1.120000000000000000e+03 1.120000000000000000e+03 8.190000000000000000e+02 3.175000000000000000e+03 -9.000000000000000000e+00 4.338000000000000000e+03 3.014000000000000000e+03 2.141000000000000000e+03 8.950000000000000000e+02 4.920000000000000000e+02 0.000000000000000000e+00 0.000000000000000000e+00 0.000000000000000000e+00 1.000000000000000000e+00
4.950000000000000000e+02 8.920000000000000000e+02 2.132000000000000000e+03 3.012000000000000000e+03 4.335000000000000000e+03 -7.000000000000000000e+00 3.172000000000000000e+03 8.140000000000000000e+02 1.109000000000000000e+03 1.109000000000000000e+03 8.140000000000000000e+02 3.172000000000000000e+03 -7.000000000000000000e+00 4.335000000000000000e+03 3.012000000000000000e+03 2.132000000000000000e+03 8.920000000000000000e+02 4.950000000000000000e+02 0.000000000000000000e+00 0.000000000000000000e+00 0.000000000000000000e+00 1.000000000000000000e+00
4.910000000000000000e+02 8.890000000000000000e+02 2.132000000000000000e+03 3.010000000000000000e+03 4.334000000000000000e+03 -1.300000000000000000e+01 3.173000000000000000e+03 8.120000000000000000e+02 1.105000000000000000e+03 1.105000000000000000e+03 8.120000000000000000e+02 3.173000000000000000e+03 -1.300000000000000000e+01 4.334000000000000000e+03 3.010000000000000000e+03 2.132000000000000000e+03 8.890000000000000000e+02 4.910000000000000000e+02 0.000000000000000000e+00 0.000000000000000000e+00 0.000000000000000000e+00 1.000000000000000000e+00
5.010000000000000000e+02 8.790000000000000000e+02 2.135000000000000000e+03 3.017000000000000000e+03 4.340000000000000000e+03 -9.000000000000000000e+00 3.178000000000000000e+03 8.120000000000000000e+02 1.107000000000000000e+03 1.107000000000000000e+03 8.120000000000000000e+02 3.178000000000000000e+03 -9.000000000000000000e+00 4.340000000000000000e+03 3.017000000000000000e+03 2.135000000000000000e+03 8.790000000000000000e+02 5.010000000000000000e+02 0.000000000000000000e+00 0.000000000000000000e+00 0.000000000000000000e+00 1.000000000000000000e+00
4.840000000000000000e+02 8.730000000000000000e+02 2.130000000000000000e+03 3.000000000000000000e+03 4.332000000000000000e+03 -5.000000000000000000e+00 3.165000000000000000e+03 8.100000000000000000e+02 1.101000000000000000e+03 1.101000000000000000e+03 8.100000000000000000e+02 3.165000000000000000e+03 -5.000000000000000000e+00 4.332000000000000000e+03 3.000000000000000000e+03 2.130000000000000000e+03 8.730000000000000000e+02 4.840000000000000000e+02 0.000000000000000000e+00 0.000000000000000000e+00 0.000000000000000000e+00 1.000000000000000000e+00
4.890000000000000000e+02 8.710000000000000000e+02 2.128000000000000000e+03 3.002000000000000000e+03 4.337000000000000000e+03 -4.000000000000000000e+00 3.166000000000000000e+03 8.120000000000000000e+02 1.103000000000000000e+03 1.103000000000000000e+03 8.120000000000000000e+02 3.166000000000000000e+03 -4.000000000000000000e+00 4.337000000000000000e+03 3.002000000000000000e+03 2.128000000000000000e+03 8.710000000000000000e+02 4.890000000000000000e+02 0.000000000000000000e+00 0.000000000000000000e+00 0.000000000000000000e+00 1.000000000000000000e+00
4.830000000000000000e+02 8.740000000000000000e+02 2.125000000000000000e+03 2.992000000000000000e+03 4.333000000000000000e+03 -2.000000000000000000e+00 3.158000000000000000e+03 8.080000000000000000e+02 1.104000000000000000e+03 1.104000000000000000e+03 8.080000000000000000e+02 3.158000000000000000e+03 -2.000000000000000000e+00 4.333000000000000000e+03 2.992000000000000000e+03 2.125000000000000000e+03 8.740000000000000000e+02 4.830000000000000000e+02 0.000000000000000000e+00 0.000000000000000000e+00 0.000000000000000000e+00 1.000000000000000000e+00
4.870000000000000000e+02 8.760000000000000000e+02 2.137000000000000000e+03 3.003000000000000000e+03 4.339000000000000000e+03 -5.000000000000000000e+00 3.164000000000000000e+03 8.120000000000000000e+02 1.105000000000000000e+03 1.105000000000000000e+03 8.120000000000000000e+02 3.164000000000000000e+03 -5.000000000000000000e+00 4.339000000000000000e+03 3.003000000000000000e+03 2.137000000000000000e+03 8.760000000000000000e+02 4.870000000000000000e+02 0.000000000000000000e+00 0.000000000000000000e+00 0.000000000000000000e+00 1.000000000000000000e+00
4.890000000000000000e+02 8.780000000000000000e+02 2.128000000000000000e+03 3.002000000000000000e+03 4.331000000000000000e+03 -3.000000000000000000e+00 3.163000000000000000e+03 8.070000000000000000e+02 1.104000000000000000e+03 1.104000000000000000e+03 8.070000000000000000e+02 3.163000000000000000e+03 -3.000000000000000000e+00 4.331000000000000000e+03 3.002000000000000000e+03 2.128000000000000000e+03 8.780000000000000000e+02 4.890000000000000000e+02 0.000000000000000000e+00 0.000000000000000000e+00 0.000000000000000000e+00 1.000000000000000000e+00
5.010000000000000000e+02 8.850000000000000000e+02 2.138000000000000000e+03 3.009000000000000000e+03 4.346000000000000000e+03 -6.000000000000000000e+00 3.173000000000000000e+03 8.180000000000000000e+02 1.114000000000000000e+03 1.114000000000000000e+03 8.180000000000000000e+02 3.173000000000000000e+03 -6.000000000000000000e+00 4.346000000000000000e+03 3.009000000000000000e+03 2.138000000000000000e+03 8.850000000000000000e+02 5.010000000000000000e+02 0.000000000000000000e+00 0.000000000000000000e+00 0.000000000000000000e+00 1.000000000000000000e+00
4.930000000000000000e+02 8.720000000000000000e+02 2.129000000000000000e+03 3.002000000000000000e+03 4.347000000000000000e+03 -6.000000000000000000e+00 3.168000000000000000e+03 8.080000000000000000e+02 1.101000000000000000e+03 1.101000000000000000e+03 8.080000000000000000e+02 3.168000000000000000e+03 -6.000000000000000000e+00 4.347000000000000000e+03 3.002000000000000000e+03 2.129000000000000000e+03 8.720000000000000000e+02 4.930000000000000000e+02 0.000000000000000000e+00 0.000000000000000000e+00 0.000000000000000000e+00 1.000000000000000000e+00
4.880000000000000000e+02 8.690000000000000000e+02 2.133000000000000000e+03 2.997000000000000000e+03 4.347000000000000000e+03 -7.000000000000000000e+00 3.168000000000000000e+03 8.040000000000000000e+02 1.100000000000000000e+03 1.100000000000000000e+03 8.040000000000000000e+02 3.168000000000000000e+03 -7.000000000000000000e+00 4.347000000000000000e+03 2.997000000000000000e+03 2.133000000000000000e+03 8.690000000000000000e+02 4.880000000000000000e+02 0.000000000000000000e+00 0.000000000000000000e+00 0.000000000000000000e+00 1.000000000000000000e+00
4.870000000000000000e+02 8.710000000000000000e+02 2.131000000000000000e+03 3.000000000000000000e+03 4.346000000000000000e+03 -8.000000000000000000e+00 3.168000000000000000e+03 8.050000000000000000e+02 1.102000000000000000e+03 1.102000000000000000e+03 8.050000000000000000e+02 3.168000000000000000e+03 -8.000000000000000000e+00 4.346000000000000000e+03 3.000000000000000000e+03 2.131000000000000000e+03 8.710000000000000000e+02 4.870000000000000000e+02 0.000000000000000000e+00 0.000000000000000000e+00 0.000000000000000000e+00 1.000000000000000000e+00
4.910000000000000000e+02 8.760000000000000000e+02 2.129000000000000000e+03 2.996000000000000000e+03 4.350000000000000000e+03 -1.000000000000000000e+00 3.169000000000000000e+03 7.980000000000000000e+02 1.105000000000000000e+03 1.105000000000000000e+03 7.980000000000000000e+02 3.169000000000000000e+03 -1.000000000000000000e+00 4.350000000000000000e+03 2.996000000000000000e+03 2.129000000000000000e+03 8.760000000000000000e+02 4.910000000000000000e+02 0.000000000000000000e+00 0.000000000000000000e+00 0.000000000000000000e+00 1.000000000000000000e+00
4.950000000000000000e+02 8.800000000000000000e+02 2.129000000000000000e+03 2.989000000000000000e+03 4.348000000000000000e+03 -1.000000000000000000e+00 3.173000000000000000e+03 7.920000000000000000e+02 1.108000000000000000e+03 1.108000000000000000e+03 7.920000000000000000e+02 3.173000000000000000e+03 -1.000000000000000000e+00 4.348000000000000000e+03 2.989000000000000000e+03 2.129000000000000000e+03 8.800000000000000000e+02 4.950000000000000000e+02 0.000000000000000000e+00 0.000000000000000000e+00 0.000000000000000000e+00 1.000000000000000000e+00
4.970000000000000000e+02 8.880000000000000000e+02 2.129000000000000000e+03 2.993000000000000000e+03 4.350000000000000000e+03 -1.300000000000000000e+01 3.173000000000000000e+03 7.870000000000000000e+02 1.109000000000000000e+03 1.109000000000000000e+03 7.870000000000000000e+02 3.173000000000000000e+03 -1.300000000000000000e+01 4.350000000000000000e+03 2.993000000000000000e+03 2.129000000000000000e+03 8.880000000000000000e+02 4.970000000000000000e+02 0.000000000000000000e+00 0.000000000000000000e+00 0.000000000000000000e+00 1.000000000000000000e+00
4.940000000000000000e+02 8.830000000000000000e+02 2.124000000000000000e+03 2.984000000000000000e+03 4.351000000000000000e+03 -5.000000000000000000e+00 3.165000000000000000e+03 7.880000000000000000e+02 1.107000000000000000e+03 1.107000000000000000e+03 7.880000000000000000e+02 3.165000000000000000e+03 -5.000000000000000000e+00 4.351000000000000000e+03 2.984000000000000000e+03 2.124000000000000000e+03 8.830000000000000000e+02 4.940000000000000000e+02 0.000000000000000000e+00 0.000000000000000000e+00 0.000000000000000000e+00 1.000000000000000000e+00
4.940000000000000000e+02 8.810000000000000000e+02 2.131000000000000000e+03 2.990000000000000000e+03 4.361000000000000000e+03 -5.000000000000000000e+00 3.172000000000000000e+03 7.910000000000000000e+02 1.104000000000000000e+03 1.104000000000000000e+03 7.910000000000000000e+02 3.172000000000000000e+03 -5.000000000000000000e+00 4.361000000000000000e+03 2.990000000000000000e+03 2.131000000000000000e+03 8.810000000000000000e+02 4.940000000000000000e+02 0.000000000000000000e+00 0.000000000000000000e+00 0.000000000000000000e+00 1.000000000000000000e+00
4.910000000000000000e+02 8.730000000000000000e+02 2.129000000000000000e+03 2.986000000000000000e+03 4.366000000000000000e+03 -1.000000000000000000e+01 3.170000000000000000e+03 7.910000000000000000e+02 1.102000000000000000e+03 1.102000000000000000e+03 7.910000000000000000e+02 3.170000000000000000e+03 -1.000000000000000000e+01 4.366000000000000000e+03 2.986000000000000000e+03 2.129000000000000000e+03 8.730000000000000000e+02 4.910000000000000000e+02 0.000000000000000000e+00 0.000000000000000000e+00 0.000000000000000000e+00 1.000000000000000000e+00
4.960000000000000000e+02 8.760000000000000000e+02 2.134000000000000000e+03 2.991000000000000000e+03 4.369000000000000000e+03 -8.000000000000000000e+00 3.175000000000000000e+03 7.930000000000000000e+02 1.104000000000000000e+03 1.104000000000000000e+03 7.930000000000000000e+02 3.175000000000000000e+03 -8.000000000000000000e+00 4.369000000000000000e+03 2.991000000000000000e+03 2.134000000000000000e+03 8.760000000000000000e+02 4.960000000000000000e+02 0.000000000000000000e+00 0.000000000000000000e+00 0.000000000000000000e+00 1.000000000000000000e+00
