4.640000000000000000e+02 9.080000000000000000e+02 2.100000000000000000e+03 2.922000000000000000e+03 4.312000000000000000e+03 -3.000000000000000000e+00 3.155000000000000000e+03 7.320000000000000000e+02 1.076000000000000000e+03 1.076000000000000000e+03 7.320000000000000000e+02 3.155000000000000000e+03 -3.000000000000000000e+00 4.312000000000000000e+03 2.922000000000000000e+03 2.100000000000000000e+03 9.080000000000000000e+02 4.640000000000000000e+02 0.000000000000000000e+00 0.000000000000000000e+00 1.000000000000000000e+00 0.000000000000000000e+00
4.610000000000000000e+02 9.140000000000000000e+02 2.098000000000000000e+03 2.926000000000000000e+03 4.302000000000000000e+03 -1.000000000000000000e+01 3.153000000000000000e+03 7.340000000000000000e+02 1.077000000000000000e+03 1.077000000000000000e+03 7.340000000000000000e+02 3.153000000000000000e+03 -1.000000000000000000e+01 4.302000000000000000e+03 2.926000000000000000e+03 2.098000000000000000e+03 9.140000000000000000e+02 4.610000000000000000e+02 0.000000000000000000e+00 0.000000000000000000e+00 1.000000000000000000e+00 0.000000000000000000e+00
4.640000000000000000e+02 9.160000000000000000e+02 2.096000000000000000e+03 2.937000000000000000e+03 4.290000000000000000e+03 -7.000000000000000000e+00 3.153000000000000000e+03 7.440000000000000000e+02 1.081000000000000000e+03 1.081000000000000000e+03 7.440000000000000000e+02 3.153000000000000000e+03 -7.000000000000000000e+00 4.290000000000000000e+03 2.937000000000000000e+03 2.096000000000000000e+03 9.160000000000000000e+02 4.640000000000000000e+02 0.000000000000000000e+00 0.000000000000000000e+00 1.000000000000000000e+00 0.000000000000000000e+00
4.660000000000000000e+02 9.210000000000000000e+02 2.096000000000000000e+03 2.934000000000000000e+03 4.278000000000000000e+03 -6.000000000000000000e+00 3.147000000000000000e+03 7.470000000000000000e+02 1.086000000000000000e+03 1.086000000000000000e+03 7.470000000000000000e+02 3.147000000000000000e+03 -6.000000000000000000e+00 4.278000000000000000e+03 2.934000000000000000e+03 2.096000000000000000e+03 9.210000000000000000e+02 4.660000000000000000e+02 0.000000000000000000e+00 0.000000000000000000e+00 1.000000000000000000e+00 0.000000000000000000e+00
4.690000000000000000e+02 9.230000000000000000e+02 2.097000000000000000e+03 2.944000000000000000e+03 4.285000000000000000e+03 -7.000000000000000000e+00 3.151000000000000000e+03 7.540000000000000000e+02 1.088000000000000000e+03 1.088000000000000000e+03 7.540000000000000000e+02 3.151000000000000000e+03 -7.000000000000000000e+00 4.285000000000000000e+03 2.944000000000000000e+03 2.097000000000000000e+03 9.230000000000000000e+02 4.690000000000000000e+02 0.000000000000000000e+00 0.000000000000000000e+00 1.000000000000000000e+00 0.000000000000000000e+00
4.700000000000000000e+02 9.240000000000000000e+02 2.094000000000000000e+03 2.946000000000000000e+03 4.284000000000000000e+03 2.000000000000000000e+00 3.150000000000000000e+03 7.610000000000000000e+02 1.096000000000000000e+03 1.096000000000000000e+03 7.610000000000000000e+02 3.150000000000000000e+03 2.000000000000000000e+00 4.284000000000000000e+03 2.946000000000000000e+03 2.094000000000000000e+03 9.240000000000000000e+02 4.700000000000000000e+02 0.000000000000000000e+00 0.000000000000000000e+00 1.000000000000000000e+00 0.000000000000000000e+00
4.850000000000000000e+02 9.260000000000000000e+02 2.105000000000000000e+03 2.955000000000000000e+03 4.290000000000000000e+03 -6.000000000000000000e+00 3.157000000000000000e+03 7.650000000000000000e+02 1.095000000000000000e+03 1.095000000000000000e+03 7.650000000000000000e+02 3.157000000000000000e+03 -6.000000000000000000e+00 4.290000000000000000e+03 2.955000000000000000e+03 2.105000000000000000e+03 9.260000000000000000e+02 4.850000000000000000e+02 0.000000000000000000e+00 0.000000000000000000e+00 1.000000000000000000e+00 0.000000000000000000e+00
4.760000000000000000e+02 9.200000000000000000e+02 2.104000000000000000e+03 2.958000000000000000e+03 4.292000000000000000e+03 -1.400000000000000000e+01 3.156000000000000000e+03 7.760000000000000000e+02 1.087000000000000000e+03 1.087000000000000000e+03 7.760000000000000000e+02 3.156000000000000000e+03 -1.400000000000000000e+01 4.292000000000000000e+03 2.958000000000000000e+03 2.104000000000000000e+03 9.200000000000000000e+02 4.760000000000000000e+02 0.000000000000000000e+00 0.000000000000000000e+00 1.000000000000000000e+00 0.000000000000000000e+00
4.710000000000000000e+02 9.150000000000000000e+02 2.105000000000000000e+03 2.962000000000000000e+03 4.282000000000000000e+03 -4.000000000000000000e+00 3.153000000000000000e+03 7.780000000000000000e+02 1.081000000000000000e+03 1.081000000000000000e+03 7.780000000000000000e+02 3.153000000000000000e+03 -4.000000000000000000e+00 4.282000000000000000e+03 2.962000000000000000e+03 2.105000000000000000e+03 9.150000000000000000e+02 4.710000000000000000e+02 0.000000000000000000e+00 0.000000000000000000e+00 1.000000000000000000e+00 0.000000000000000000e+00
4.630000000000000000e+02 9.130000000000000000e+02 2.103000000000000000e+03 2.955000000000000000e+03 4.262000000000000000e+03 -1.100000000000000000e+01 3.144000000000000000e+03 7.760000000000000000e+02 1.080000000000000000e+03 1.080000000000000000e+03 7.760000000000000000e+02 3.144000000000000000e+03 -1.100000000000000000e+01 4.262000000000000000e+03 2.955000000000000000e+03 2.103000000000000000e+03 9.130000000000000000e+02 4.630000000000000000e+02 0.000000000000000000e+00 0.000000000000000000e+00 1.000000000000000000e+00 0.000000000000000000e+00
4.590000000000000000e+02 9.150000000000000000e+02 2.102000000000000000e+03 2.959000000000000000e+03 4.262000000000000000e+03 -1.400000000000000000e+01 3.142000000000000000e+03 7.810000000000000000e+02 1.086000000000000000e+03 1.086000000000000000e+03 7.810000000000000000e+02 3.142000000000000000e+03 -1.400000000000000000e+01 4.262000000000000000e+03 2.959000000000000000e+03 2.102000000000000000e+03 9.150000000000000000e+02 4.590000000000000000e+02 0.000000000000000000e+00 0.000000000000000000e+00 1.000000000000000000e+00 0.000000000000000000e+00
4.650000000000000000e+02 9.190000000000000000e+02 2.101000000000000000e+03 2.972000000000000000e+03 4.248000000000000000e+03 -8.000000000000000000e+00 3.148000000000000000e+03 7.890000000000000000e+02 1.089000000000000000e+03 1.089000000000000000e+03 7.890000000000000000e+02 3.148000000000000000e+03 -8.000000000000000000e+00 4.248000000000000000e+03 2.972000000000000000e+03 2.101000000000000000e+03 9.190000000000000000e+02 4.650000000000000000e+02 0.000000000000000000e+00 0.000000000000000000e+00 1.000000000000000000e+00 0.000000000000000000e+00
4.700000000000000000e+02 9.210000000000000000e+02 2.094000000000000000e+03 2.977000000000000000e+03 4.253000000000000000e+03 -1.300000000000000000e+01 3.146000000000000000e+03 7.930000000000000000e+02 1.093000000000000000e+03 1.093000000000000000e+03 7.930000000000000000e+02 3.146000000000000000e+03 -1.300000000000000000e+01 4.253000000000000000e+03 2.977000000000000000e+03 2.094000000000000000e+03 9.210000000000000000e+02 4.700000000000000000e+02 0.000000000000000000e+00 0.000000000000000000e+00 1.000000000000000000e+00 0.000000000000000000e+00
4.680000000000000000e+02 9.140000000000000000e+02 2.096000000000000000e+03 2.984000000000000000e+03 4.252000000000000000e+03 -1.200000000000000000e+01 3.147000000000000000e+03 7.960000000000000000e+02 1.093000000000000000e+03 1.093000000000000000e+03 7.960000000000000000e+02 3.147000000000000000e+03 -1.200000000000000000e+01 4.252000000000000000e+03 2.984000000000000000e+03 2.096000000000000000e+03 9.140000000000000000e+02 4.680000000000000000e+02 0.000000000000000000e+00 0.000000000000000000e+00 1.000000000000000000e+00 0.000000000000000000e+00
4.690000000000000000e+02 9.200000000000000000e+02 2.103000000000000000e+03 2.981000000000000000e+03 4.253000000000000000e+03 -3.000000000000000000e+00 3.148000000000000000e+03 7.980000000000000000e+02 1.096000000000000000e+03 1.096000000000000000e+03 7.980000000000000000e+02 3.148000000000000000e+03 -3.000000000000000000e+00 4.253000000000000000e+03 2.981000000000000000e+03 2.103000000000000000e+03 9.200000000000000000e+02 4.690000000000000000e+02 0.000000000000000000e+00 0.000000000000000000e+00 1.000000000000000000e+00 0.000000000000000000e+00
4.750000000000000000e+02 9.140000000000000000e+02 2.104000000000000000e+03 2.985000000000000000e+03 4.256000000000000000e+03 -1.000000000000000000e+01 3.147000000000000000e+03 7.960000000000000000e+02 1.094000000000000000e+03 1.094000000000000000e+03 7.960000000000000000e+02 3.147000000000000000e+03 -1.000000000000000000e+01 4.256000000000000000e+03 2.985000000000000000e+03 2.104000000000000000e+03 9.140000000000000000e+02 4.750000000000000000e+02 0.000000000000000000e+00 0.000000000000000000e+00 1.000000000000000000e+00 0.000000000000000000e+00
4.680000000000000000e+02 9.080000000000000000e+02 2.112000000000000000e+03 2.985000000000000000e+03 4.269000000000000000e+03 -8.000000000000000000e+00 3.151000000000000000e+03 7.960000000000000000e+02 1.093000000000000000e+03 1.093000000000000000e+03 7.960000000000000000e+02 3.151000000000000000e+03 -8.000000000000000000e+00 4.269000000000000000e+03 2.985000000000000000e+03 2.112000000000000000e+03 9.080000000000000000e+02 4.680000000000000000e+02 0.000000000000000000e+00 0.000000000000000000e+00 1.000000000000000000e+00 0.000000000000000000e+00
4.700000000000000000e+02 9.000000000000000000e+02 2.109000000000000000e+03 2.978000000000000000e+03 4.281000000000000000e+03 -6.000000000000000000e+00 3.147000000000000000e+03 7.970000000000000000e+02 1.092000000000000000e+03 1.092000000000000000e+03 7.970000000000000000e+02 3.147000000000000000e+03 -6.000000000000000000e+00 4.281000000000000000e+03 2.978000000000000000e+03 2.109000000000000000e+03 9.000000000000000000e+02 4.700000000000000000e+02 0.000000000000000000e+00 0.000000000000000000e+00 1.000000000000000000e+00 0.000000000000000000e+00
4.760000000000000000e+02 8.980000000000000000e+02 2.115000000000000000e+03 2.982000000000000000e+03 4.287000000000000000e+03 -1.100000000000000000e+01 3.151000000000000000e+03 7.970000000000000000e+02 1.092000000000000000e+03 1.092000000000000000e+03 7.970000000000000000e+02 3.151000000000000000e+03 -1.100000000000000000e+01 4.287000000000000000e+03 2.982000000000000000e+03 2.115000000000000000e+03 8.980000000000000000e+02 4.760000000000000000e+02 0.000000000000000000e+00 0.000000000000000000e+00 1.000000000000000000e+00 0.000000000000000000e+00
4.700000000000000000e+02 8.860000000000000000e+02 2.116000000000000000e+03 2.987000000000000000e+03 4.287000000000000000e+03 -1.300000000000000000e+01 3.153000000000000000e+03 7.990000000000000000e+02 1.096000000000000000e+03 1.096000000000000000e+03 7.990000000000000000e+02 3.153000000000000000e+03 -1.300000000000000000e+01 4.287000000000000000e+03 2.987000000000000000e+03 2.116000000000000000e+03 8.860000000000000000e+02 4.700000000000000000e+02 0.000000000000000000e+00 0.000000000000000000e+00 1.000000000000000000e+00 0.000000000000000000e+00
4.730000000000000000e+02 8.940000000000000000e+02 2.115000000000000000e+03 2.994000000000000000e+03 4.293000000000000000e+03 -1.000000000000000000e+00 3.156000000000000000e+03 8.000000000000000000e+02 1.103000000000000000e+03 1.103000000000000000e+03 8.000000000000000000e+02 3.156000000000000000e+03 -1.000000000000000000e+00 4.293000000000000000e+03 2.994000000000000000e+03 2.115000000000000000e+03 8.940000000000000000e+02 4.730000000000000000e+02 0.000000000000000000e+00 0.000000000000000000e+00 1.000000000000000000e+00 0.000000000000000000e+00
4.850000000000000000e+02 8.970000000000000000e+02 2.106000000000000000e+03 2.996000000000000000e+03 4.292000000000000000e+03 -1.000000000000000000e+01 3.157000000000000000e+03 8.040000000000000000e+02 1.104000000000000000e+03 1.104000000000000000e+03 8.040000000000000000e+02 3.157000000000000000e+03 -1.000000000000000000e+01 4.292000000000000000e+03 2.996000000000000000e+03 2.106000000000000000e+03 8.970000000000000000e+02 4.850000000000000000e+02 0.000000000000000000e+00 0.000000000000000000e+00 1.000000000000000000e+00 0.000000000000000000e+00
4.820000000000000000e+02 9.070000000000000000e+02 2.107000000000000000e+03 2.999000000000000000e+03 4.294000000000000000e+03 -1.200000000000000000e+01 3.157000000000000000e+03 8.040000000000000000e+02 1.104000000000000000e+03 1.104000000000000000e+03 8.040000000000000000e+02 3.157000000000000000e+03 -1.200000000000000000e+01 4.294000000000000000e+03 2.999000000000000000e+03 2.107000000000000000e+03 9.070000000000000000e+02 4.820000000000000000e+02 0.000000000000000000e+00 0.000000000000000000e+00 1.000000000000000000e+00 0.000000000000000000e+00
4.810000000000000000e+02 9.020000000000000000e+02 2.115000000000000000e+03 2.998000000000000000e+03 4.297000000000000000e+03 -5.000000000000000000e+00 3.159000000000000000e+03 8.020000000000000000e+02 1.106000000000000000e+03 1.106000000000000000e+03 8.020000000000000000e+02 3.159000000000000000e+03 -5.000000000000000000e+00 4.297000000000000000e+03 2.998000000000000000e+03 2.115000000000000000e+03 9.020000000000000000e+02 4.810000000000000000e+02 0.000000000000000000e+00 0.000000000000000000e+00 1.000000000000000000e+00 0.000000000000000000e+00
4.860000000000000000e+02 8.970000000000000000e+02 2.116000000000000000e+03 3.000000000000000000e+03 4.301000000000000000e+03 3.000000000000000000e+00 3.162000000000000000e+03 8.070000000000000000e+02 1.104000000000000000e+03 1.104000000000000000e+03 8.070000000000000000e+02 3.162000000000000000e+03 3.000000000000000000e+00 4.301000000000000000e+03 3.000000000000000000e+03 2.116000000000000000e+03 8.970000000000000000e+02 4.860000000000000000e+02 0.000000000000000000e+00 0.000000000000000000e+00 1.000000000000000000e+00 0.000000000000000000e+00
4.870000000000000000e+02 8.940000000000000000e+02 2.126000000000000000e+03 2.997000000000000000e+03 4.307000000000000000e+03 -6.000000000000000000e+00 3.157000000000000000e+03 8.060000000000000000e+02 1.104000000000000000e+03 1.104000000000000000e+03 8.060000000000000000e+02 3.157000000000000000e+03 -6.000000000000000000e+00 4.307000000000000000e+03 2.997000000000000000e+03 2.126000000000000000e+03 8.940000000000000000e+02 4.870000000000000000e+02 0.000000000000000000e+00 0.000000000000000000e+00 1.000000000000000000e+00 0.000000000000000000e+00
4.830000000000000000e+02 8.900000000000000000e+02 2.120000000000000000e+03 2.998000000000000000e+03 4.314000000000000000e+03 -2.000000000000000000e+00 3.159000000000000000e+03 8.060000000000000000e+02 1.100000000000000000e+03 1.100000000000000000e+03 8.060000000000000000e+02 3.159000000000000000e+03 -2.000000000000000000e+00 4.314000000000000000e+03 2.998000000000000000e+03 2.120000000000000000e+03 8.900000000000000000e+02 4.830000000000000000e+02 0.000000000000000000e+00 0.000000000000000000e+00 1.000000000000000000e+00 0.000000000000000000e+00
4.890000000000000000e+02 8.890000000000000000e+02 2.125000000000000000e+03 3.005000000000000000e+03 4.325000000000000000e+03 -4.000000000000000000e+00 3.171000000000000000e+03 8.050000000000000000e+02 1.101000000000000000e+03 1.101000000000000000e+03 8.050000000000000000e+02 3.171000000000000000e+03 -4.000000000000000000e+00 4.325000000000000000e+03 3.005000000000000000e+03 2.125000000000000000e+03 8.890000000000000000e+02 4.890000000000000000e+02 0.000000000000000000e+00 0.000000000000000000e+00 1.000000000000000000e+00 0.000000000000000000e+00
4.750000000000000000e+02 8.840000000000000000e+02 2.123000000000000000e+03 2.997000000000000000e+03 4.324000000000000000e+03 -6.000000000000000000e+00 3.161000000000000000e+03 8.070000000000000000e+02 1.099000000000000000e+03 1.099000000000000000e+03 8.070000000000000000e+02 3.161000000000000000e+03 -6.000000000000000000e+00 4.324000000000000000e+03 2.997000000000000000e+03 2.123000000000000000e+03 8.840000000000000000e+02 4.750000000000000000e+02 0.000000000000000000e+00 0.000000000000000000e+00 1.000000000000000000e+00 0.000000000000000000e+00
4.820000000000000000e+02 8.870000000000000000e+02 2.122000000000000000e+03 2.997000000000000000e+03 4.325000000000000000e+03 -8.000000000000000000e+00 3.164000000000000000e+03 8.090000000000000000e+02 1.100000000000000000e+03 1.100000000000000000e+03 8.090000000000000000e+02 3.164000000000000000e+03 -8.000000000000000000e+00 4.325000000000000000e+03 2.997000000000000000e+03 2.122000000000000000e+03 8.870000000000000000e+02 4.820000000000000000e+02 0.000000000000000000e+00 0.000000000000000000e+00 1.000000000000000000e+00 0.000000000000000000e+00
