-2.900000000000000000e+01 2.720000000000000000e+02 1.514000000000000000e+03 2.929000000000000000e+03 6.000000000000000000e+00 1.398000000000000000e+03 6.500000000000000000e+02 2.372000000000000000e+03 -4.000000000000000000e+00 -4.000000000000000000e+00 2.372000000000000000e+03 6.500000000000000000e+02 1.398000000000000000e+03 6.000000000000000000e+00 2.929000000000000000e+03 1.514000000000000000e+03 2.720000000000000000e+02 -2.900000000000000000e+01 0.000000000000000000e+00 0.000000000000000000e+00 1.000000000000000000e+00 0.000000000000000000e+00
-1.800000000000000000e+01 2.840000000000000000e+02 1.503000000000000000e+03 2.952000000000000000e+03 -4.000000000000000000e+00 1.407000000000000000e+03 6.640000000000000000e+02 2.385000000000000000e+03 -4.000000000000000000e+00 -4.000000000000000000e+00 2.385000000000000000e+03 6.640000000000000000e+02 1.407000000000000000e+03 -4.000000000000000000e+00 2.952000000000000000e+03 1.503000000000000000e+03 2.840000000000000000e+02 -1.800000000000000000e+01 0.000000000000000000e+00 0.000000000000000000e+00 1.000000000000000000e+00 0.000000000000000000e+00
-1.200000000000000000e+01 2.690000000000000000e+02 1.514000000000000000e+03 2.951000000000000000e+03 -8.000000000000000000e+00 1.399000000000000000e+03 6.620000000000000000e+02 2.385000000000000000e+03 -4.000000000000000000e+00 -4.000000000000000000e+00 2.385000000000000000e+03 6.620000000000000000e+02 1.399000000000000000e+03 -8.000000000000000000e+00 2.951000000000000000e+03 1.514000000000000000e+03 2.690000000000000000e+02 -1.200000000000000000e+01 0.000000000000000000e+00 0.000000000000000000e+00 1.000000000000000000e+00 0.000000000000000000e+00
-2.400000000000000000e+01 2.850000000000000000e+02 1.514000000000000000e+03 2.951000000000000000e+03 4.000000000000000000e+00 1.384000000000000000e+03 6.610000000000000000e+02 2.375000000000000000e+03 -4.000000000000000000e+00 -4.000000000000000000e+00 2.375000000000000000e+03 6.610000000000000000e+02 1.384000000000000000e+03 4.000000000000000000e+00 2.951000000000000000e+03 1.514000000000000000e+03 2.850000000000000000e+02 -2.400000000000000000e+01 0.000000000000000000e+00 0.000000000000000000e+00 1.000000000000000000e+00 0.000000000000000000e+00
-2.100000000000000000e+01 2.860000000000000000e+02 1.521000000000000000e+03 2.942000000000000000e+03 7.000000000000000000e+00 1.364000000000000000e+03 6.580000000000000000e+02 2.362000000000000000e+03 -4.000000000000000000e+00 -4.000000000000000000e+00 2.362000000000000000e+03 6.580000000000000000e+02 1.364000000000000000e+03 7.000000000000000000e+00 2.942000000000000000e+03 1.521000000000000000e+03 2.860000000000000000e+02 -2.100000000000000000e+01 0.000000000000000000e+00 0.000000000000000000e+00 1.000000000000000000e+00 0.000000000000000000e+00
-2.000000000000000000e+01 2.870000000000000000e+02 1.495000000000000000e+03 2.925000000000000000e+03 3.000000000000000000e+00 1.351000000000000000e+03 6.550000000000000000e+02 2.343000000000000000e+03 -3.000000000000000000e+00 -3.000000000000000000e+00 2.343000000000000000e+03 6.550000000000000000e+02 1.351000000000000000e+03 3.000000000000000000e+00 2.925000000000000000e+03 1.495000000000000000e+03 2.870000000000000000e+02 -2.000000000000000000e+01 0.000000000000000000e+00 0.000000000000000000e+00 1.000000000000000000e+00 0.000000000000000000e+00
-1.200000000000000000e+01 2.760000000000000000e+02 1.505000000000000000e+03 2.920000000000000000e+03 4.000000000000000000e+00 1.345000000000000000e+03 6.550000000000000000e+02 2.339000000000000000e+03 -4.000000000000000000e+00 -4.000000000000000000e+00 2.339000000000000000e+03 6.550000000000000000e+02 1.345000000000000000e+03 4.000000000000000000e+00 2.920000000000000000e+03 1.505000000000000000e+03 2.760000000000000000e+02 -1.200000000000000000e+01 0.000000000000000000e+00 0.000000000000000000e+00 1.000000000000000000e+00 0.000000000000000000e+00
-1.900000000000000000e+01 2.840000000000000000e+02 1.496000000000000000e+03 2.917000000000000000e+03 1.000000000000000000e+01 1.341000000000000000e+03 6.540000000000000000e+02 2.338000000000000000e+03 -4.000000000000000000e+00 -4.000000000000000000e+00 2.338000000000000000e+03 6.540000000000000000e+02 1.341000000000000000e+03 1.000000000000000000e+01 2.917000000000000000e+03 1.496000000000000000e+03 2.840000000000000000e+02 -1.900000000000000000e+01 0.000000000000000000e+00 0.000000000000000000e+00 1.000000000000000000e+00 0.000000000000000000e+00
-1.600000000000000000e+01 2.880000000000000000e+02 1.493000000000000000e+03 2.914000000000000000e+03 1.000000000000000000e+01 1.341000000000000000e+03 6.570000000000000000e+02 2.333000000000000000e+03 -4.000000000000000000e+00 -4.000000000000000000e+00 2.333000000000000000e+03 6.570000000000000000e+02 1.341000000000000000e+03 1.000000000000000000e+01 2.914000000000000000e+03 1.493000000000000000e+03 2.880000000000000000e+02 -1.600000000000000000e+01 0.000000000000000000e+00 0.000000000000000000e+00 1.000000000000000000e+00 0.000000000000000000e+00
-1.700000000000000000e+01 2.790000000000000000e+02 1.486000000000000000e+03 2.912000000000000000e+03 1.300000000000000000e+01 1.338000000000000000e+03 6.550000000000000000e+02 2.334000000000000000e+03 -4.000000000000000000e+00 -4.000000000000000000e+00 2.334000000000000000e+03 6.550000000000000000e+02 1.338000000000000000e+03 1.300000000000000000e+01 2.912000000000000000e+03 1.486000000000000000e+03 2.790000000000000000e+02 -1.700000000000000000e+01 0.000000000000000000e+00 0.000000000000000000e+00 1.000000000000000000e+00 0.000000000000000000e+00
-1.900000000000000000e+01 2.810000000000000000e+02 1.480000000000000000e+03 2.912000000000000000e+03 2.100000000000000000e+01 1.337000000000000000e+03 6.560000000000000000e+02 2.328000000000000000e+03 -4.000000000000000000e+00 -4.000000000000000000e+00 2.328000000000000000e+03 6.560000000000000000e+02 1.337000000000000000e+03 2.100000000000000000e+01 2.912000000000000000e+03 1.480000000000000000e+03 2.810000000000000000e+02 -1.900000000000000000e+01 0.000000000000000000e+00 0.000000000000000000e+00 1.000000000000000000e+00 0.000000000000000000e+00
-3.100000000000000000e+01 2.730000000000000000e+02 1.489000000000000000e+03 2.911000000000000000e+03 0.000000000000000000e+00 1.335000000000000000e+03 6.540000000000000000e+02 2.328000000000000000e+03 -4.000000000000000000e+00 -4.000000000000000000e+00 2.328000000000000000e+03 6.540000000000000000e+02 1.335000000000000000e+03 0.000000000000000000e+00 2.911000000000000000e+03 1.489000000000000000e+03 2.730000000000000000e+02 -3.100000000000000000e+01 0.000000000000000000e+00 0.000000000000000000e+00 1.000000000000000000e+00 0.000000000000000000e+00
-1.700000000000000000e+01 2.770000000000000000e+02 1.481000000000000000e+03 2.907000000000000000e+03 7.000000000000000000e+00 1.324000000000000000e+03 6.520000000000000000e+02 2.326000000000000000e+03 -4.000000000000000000e+00 -4.000000000000000000e+00 2.326000000000000000e+03 6.520000000000000000e+02 1.324000000000000000e+03 7.000000000000000000e+00 2.907000000000000000e+03 1.481000000000000000e+03 2.770000000000000000e+02 -1.700000000000000000e+01 0.000000000000000000e+00 0.000000000000000000e+00 1.000000000000000000e+00 0.000000000000000000e+00
-2.400000000000000000e+01 2.740000000000000000e+02 1.475000000000000000e+03 2.904000000000000000e+03 1.000000000000000000e+00 1.313000000000000000e+03 6.500000000000000000e+02 2.323000000000000000e+03 -4.000000000000000000e+00 -4.000000000000000000e+00 2.323000000000000000e+03 6.500000000000000000e+02 1.313000000000000000e+03 1.000000000000000000e+00 2.904000000000000000e+03 1.475000000000000000e+03 2.740000000000000000e+02 -2.400000000000000000e+01 0.000000000000000000e+00 0.000000000000000000e+00 1.000000000000000000e+00 0.000000000000000000e+00
-2.400000000000000000e+01 2.720000000000000000e+02 1.468000000000000000e+03 2.902000000000000000e+03 8.000000000000000000e+00 1.302000000000000000e+03 6.460000000000000000e+02 2.314000000000000000e+03 -3.000000000000000000e+00 -3.000000000000000000e+00 2.314000000000000000e+03 6.460000000000000000e+02 1.302000000000000000e+03 8.000000000000000000e+00 2.902000000000000000e+03 1.468000000000000000e+03 2.720000000000000000e+02 -2.400000000000000000e+01 0.000000000000000000e+00 0.000000000000000000e+00 1.000000000000000000e+00 0.000000000000000000e+00
-2.900000000000000000e+01 2.840000000000000000e+02 1.473000000000000000e+03 2.897000000000000000e+03 7.000000000000000000e+00 1.296000000000000000e+03 6.450000000000000000e+02 2.309000000000000000e+03 -4.000000000000000000e+00 -4.000000000000000000e+00 2.309000000000000000e+03 6.450000000000000000e+02 1.296000000000000000e+03 7.000000000000000000e+00 2.897000000000000000e+03 1.473000000000000000e+03 2.840000000000000000e+02 -2.900000000000000000e+01 0.000000000000000000e+00 0.000000000000000000e+00 1.000000000000000000e+00 0.000000000000000000e+00
-2.300000000000000000e+01 2.600000000000000000e+02 1.461000000000000000e+03 2.896000000000000000e+03 1.300000000000000000e+01 1.292000000000000000e+03 6.470000000000000000e+02 2.304000000000000000e+03 -3.000000000000000000e+00 -3.000000000000000000e+00 2.304000000000000000e+03 6.470000000000000000e+02 1.292000000000000000e+03 1.300000000000000000e+01 2.896000000000000000e+03 1.461000000000000000e+03 2.600000000000000000e+02 -2.300000000000000000e+01 0.000000000000000000e+00 0.000000000000000000e+00 1.000000000000000000e+00 0.000000000000000000e+00
-1.900000000000000000e+01 2.630000000000000000e+02 1.458000000000000000e+03 2.886000000000000000e+03 1.800000000000000000e+01 1.285000000000000000e+03 6.450000000000000000e+02 2.297000000000000000e+03 -4.000000000000000000e+00 -4.000000000000000000e+00 2.297000000000000000e+03 6.450000000000000000e+02 1.285000000000000000e+03 1.800000000000000000e+01 2.886000000000000000e+03 1.458000000000000000e+03 2.630000000000000000e+02 -1.900000000000000000e+01 0.000000000000000000e+00 0.000000000000000000e+00 1.000000000000000000e+00 0.000000000000000000e+00
-1.200000000000000000e+01 2.630000000000000000e+02 1.421000000000000000e+03 2.862000000000000000e+03 1.700000000000000000e+01 1.266000000000000000e+03 6.400000000000000000e+02 2.273000000000000000e+03 -4.000000000000000000e+00 -4.000000000000000000e+00 2.273000000000000000e+03 6.400000000000000000e+02 1.266000000000000000e+03 1.700000000000000000e+01 2.862000000000000000e+03 1.421000000000000000e+03 2.630000000000000000e+02 -1.200000000000000000e+01 0.000000000000000000e+00 0.000000000000000000e+00 1.000000000000000000e+00 0.000000000000000000e+00
-1.700000000000000000e+01 2.530000000000000000e+02 1.400000000000000000e+03 2.805000000000000000e+03 1.900000000000000000e+01 1.235000000000000000e+03 6.360000000000000000e+02 2.221000000000000000e+03 -4.000000000000000000e+00 -4.000000000000000000e+00 2.221000000000000000e+03 6.360000000000000000e+02 1.235000000000000000e+03 1.900000000000000000e+01 2.805000000000000000e+03 1.400000000000000000e+03 2.530000000000000000e+02 -1.700000000000000000e+01 0.000000000000000000e+00 0.000000000000000000e+00 1.000000000000000000e+00 0.000000000000000000e+00
-2.700000000000000000e+01 2.350000000000000000e+02 1.332000000000000000e+03 2.703000000000000000e+03 2.400000000000000000e+01 1.174000000000000000e+03 6.170000000000000000e+02 2.130000000000000000e+03 2.800000000000000000e+01 2.800000000000000000e+01 2.130000000000000000e+03 6.170000000000000000e+02 1.174000000000000000e+03 2.400000000000000000e+01 2.703000000000000000e+03 1.332000000000000000e+03 2.350000000000000000e+02 -2.700000000000000000e+01 0.000000000000000000e+00 0.000000000000000000e+00 1.000000000000000000e+00 0.000000000000000000e+00
-1.300000000000000000e+01 2.000000000000000000e+02 1.189000000000000000e+03 2.529000000000000000e+03 1.400000000000000000e+01 1.061000000000000000e+03 5.870000000000000000e+02 1.967000000000000000e+03 1.300000000000000000e+01 1.300000000000000000e+01 1.967000000000000000e+03 5.870000000000000000e+02 1.061000000000000000e+03 1.400000000000000000e+01 2.529000000000000000e+03 1.189000000000000000e+03 2.000000000000000000e+02 -1.300000000000000000e+01 0.000000000000000000e+00 0.000000000000000000e+00 1.000000000000000000e+00 0.000000000000000000e+00
-2.300000000000000000e+01 1.570000000000000000e+02 1.019000000000000000e+03 2.250000000000000000e+03 1.600000000000000000e+01 8.770000000000000000e+02 5.290000000000000000e+02 1.727000000000000000e+03 -4.000000000000000000e+00 -4.000000000000000000e+00 1.727000000000000000e+03 5.290000000000000000e+02 8.770000000000000000e+02 1.600000000000000000e+01 2.250000000000000000e+03 1.019000000000000000e+03 1.570000000000000000e+02 -2.300000000000000000e+01 0.000000000000000000e+00 0.000000000000000000e+00 1.000000000000000000e+00 0.000000000000000000e+00
-2.500000000000000000e+01 1.080000000000000000e+02 7.370000000000000000e+02 1.909000000000000000e+03 2.800000000000000000e+01 6.860000000000000000e+02 4.720000000000000000e+02 1.421000000000000000e+03 4.000000000000000000e+00 4.000000000000000000e+00 1.421000000000000000e+03 4.720000000000000000e+02 6.860000000000000000e+02 2.800000000000000000e+01 1.909000000000000000e+03 7.370000000000000000e+02 1.080000000000000000e+02 -2.500000000000000000e+01 0.000000000000000000e+00 0.000000000000000000e+00 1.000000000000000000e+00 0.000000000000000000e+00
-3.000000000000000000e+01 3.100000000000000000e+01 5.730000000000000000e+02 1.531000000000000000e+03 3.400000000000000000e+01 4.930000000000000000e+02 4.060000000000000000e+02 1.123000000000000000e+03 -4.000000000000000000e+00 -4.000000000000000000e+00 1.123000000000000000e+03 4.060000000000000000e+02 4.930000000000000000e+02 3.400000000000000000e+01 1.531000000000000000e+03 5.730000000000000000e+02 3.100000000000000000e+01 -3.000000000000000000e+01 0.000000000000000000e+00 0.000000000000000000e+00 1.000000000000000000e+00 0.000000000000000000e+00
-2.600000000000000000e+01 -7.000000000000000000e+00 3.930000000000000000e+02 1.206000000000000000e+03 4.100000000000000000e+01 3.330000000000000000e+02 3.310000000000000000e+02 8.540000000000000000e+02 -4.000000000000000000e+00 -4.000000000000000000e+00 8.540000000000000000e+02 3.310000000000000000e+02 3.330000000000000000e+02 4.100000000000000000e+01 1.206000000000000000e+03 3.930000000000000000e+02 -7.000000000000000000e+00 -2.600000000000000000e+01 0.000000000000000000e+00 0.000000000000000000e+00 1.000000000000000000e+00 0.000000000000000000e+00
-3.300000000000000000e+01 -1.800000000000000000e+01 2.720000000000000000e+02 9.080000000000000000e+02 3.700000000000000000e+01 2.090000000000000000e+02 2.600000000000000000e+02 6.510000000000000000e+02 -4.000000000000000000e+00 -4.000000000000000000e+00 6.510000000000000000e+02 2.600000000000000000e+02 2.090000000000000000e+02 3.700000000000000000e+01 9.080000000000000000e+02 2.720000000000000000e+02 -1.800000000000000000e+01 -3.300000000000000000e+01 0.000000000000000000e+00 0.000000000000000000e+00 1.000000000000000000e+00 0.000000000000000000e+00
-3.800000000000000000e+01 -1.300000000000000000e+01 1.460000000000000000e+02 6.790000000000000000e+02 2.500000000000000000e+01 1.250000000000000000e+02 1.800000000000000000e+02 4.900000000000000000e+02 7.000000000000000000e+00 7.000000000000000000e+00 4.900000000000000000e+02 1.800000000000000000e+02 1.250000000000000000e+02 2.500000000000000000e+01 6.790000000000000000e+02 1.460000000000000000e+02 -1.300000000000000000e+01 -3.800000000000000000e+01 0.000000000000000000e+00 0.000000000000000000e+00 1.000000000000000000e+00 0.000000000000000000e+00
-2.000000000000000000e+01 -2.300000000000000000e+01 6.400000000000000000e+01 5.020000000000000000e+02 2.000000000000000000e+01 5.900000000000000000e+01 1.180000000000000000e+02 3.680000000000000000e+02 7.000000000000000000e+00 7.000000000000000000e+00 3.680000000000000000e+02 1.180000000000000000e+02 5.900000000000000000e+01 2.000000000000000000e+01 5.020000000000000000e+02 6.400000000000000000e+01 -2.300000000000000000e+01 -2.000000000000000000e+01 0.000000000000000000e+00 0.000000000000000000e+00 1.000000000000000000e+00 0.000000000000000000e+00
-1.800000000000000000e+01 -3.000000000000000000e+01 2.000000000000000000e+01 3.730000000000000000e+02 2.500000000000000000e+01 2.600000000000000000e+01 7.600000000000000000e+01 2.720000000000000000e+02 3.000000000000000000e+01 3.000000000000000000e+01 2.720000000000000000e+02 7.600000000000000000e+01 2.600000000000000000e+01 2.500000000000000000e+01 3.730000000000000000e+02 2.000000000000000000e+01 -3.000000000000000000e+01 -1.800000000000000000e+01 0.000000000000000000e+00 0.000000000000000000e+00 1.000000000000000000e+00 0.000000000000000000e+00
-3.000000000000000000e+01 -1.200000000000000000e+01 -2.000000000000000000e+00 2.700000000000000000e+02 2.100000000000000000e+01 1.200000000000000000e+01 2.200000000000000000e+01 1.840000000000000000e+02 1.000000000000000000e+00 1.000000000000000000e+00 1.840000000000000000e+02 2.200000000000000000e+01 1.200000000000000000e+01 2.100000000000000000e+01 2.700000000000000000e+02 -2.000000000000000000e+00 -1.200000000000000000e+01 -3.000000000000000000e+01 0.000000000000000000e+00 0.000000000000000000e+00 1.000000000000000000e+00 0.000000000000000000e+00
-3.000000000000000000e+01 -2.200000000000000000e+01 -1.300000000000000000e+01 1.860000000000000000e+02 2.300000000000000000e+01 4.000000000000000000e+00 4.000000000000000000e+00 1.200000000000000000e+02 -4.000000000000000000e+00 -4.000000000000000000e+00 1.200000000000000000e+02 4.000000000000000000e+00 4.000000000000000000e+00 2.300000000000000000e+01 1.860000000000000000e+02 -1.300000000000000000e+01 -2.200000000000000000e+01 -3.000000000000000000e+01 0.000000000000000000e+00 0.000000000000000000e+00 1.000000000000000000e+00 0.000000000000000000e+00
-2.300000000000000000e+01 -2.800000000000000000e+01 -2.600000000000000000e+01 1.160000000000000000e+02 3.100000000000000000e+01 1.100000000000000000e+01 -4.000000000000000000e+00 6.900000000000000000e+01 -4.000000000000000000e+00 -4.000000000000000000e+00 6.900000000000000000e+01 -4.000000000000000000e+00 1.100000000000000000e+01 3.100000000000000000e+01 1.160000000000000000e+02 -2.600000000000000000e+01 -2.800000000000000000e+01 -2.300000000000000000e+01 0.000000000000000000e+00 0.000000000000000000e+00 1.000000000000000000e+00 0.000000000000000000e+00
-2.600000000000000000e+01 -3.200000000000000000e+01 -2.200000000000000000e+01 1.000000000000000000e+01 2.700000000000000000e+01 7.000000000000000000e+00 -4.000000000000000000e+00 1.400000000000000000e+01 -4.000000000000000000e+00 -4.000000000000000000e+00 1.400000000000000000e+01 -4.000000000000000000e+00 7.000000000000000000e+00 2.700000000000000000e+01 1.000000000000000000e+01 -2.200000000000000000e+01 -3.200000000000000000e+01 -2.600000000000000000e+01 0.000000000000000000e+00 0.000000000000000000e+00 1.000000000000000000e+00 0.000000000000000000e+00
-2.300000000000000000e+01 -3.100000000000000000e+01 -1.800000000000000000e+01 7.000000000000000000e+00 2.200000000000000000e+01 1.000000000000000000e+00 -3.000000000000000000e+00 0.000000000000000000e+00 -1.000000000000000000e+00 -1.000000000000000000e+00 0.000000000000000000e+00 -3.000000000000000000e+00 1.000000000000000000e+00 2.200000000000000000e+01 7.000000000000000000e+00 -1.800000000000000000e+01 -3.100000000000000000e+01 -2.300000000000000000e+01 0.000000000000000000e+00 0.000000000000000000e+00 1.000000000000000000e+00 0.000000000000000000e+00
-2.900000000000000000e+01 -2.300000000000000000e+01 -5.000000000000000000e+00 7.000000000000000000e+00 3.300000000000000000e+01 1.300000000000000000e+01 -1.000000000000000000e+00 -4.000000000000000000e+00 7.000000000000000000e+00 7.000000000000000000e+00 -4.000000000000000000e+00 -1.000000000000000000e+00 1.300000000000000000e+01 3.300000000000000000e+01 7.000000000000000000e+00 -5.000000000000000000e+00 -2.300000000000000000e+01 -2.900000000000000000e+01 0.000000000000000000e+00 0.000000000000000000e+00 1.000000000000000000e+00 0.000000000000000000e+00
-1.900000000000000000e+01 -2.700000000000000000e+01 -2.400000000000000000e+01 1.370000000000000000e+02 1.100000000000000000e+01 2.100000000000000000e+01 -4.000000000000000000e+00 9.600000000000000000e+01 -4.000000000000000000e+00 -4.000000000000000000e+00 9.600000000000000000e+01 -4.000000000000000000e+00 2.100000000000000000e+01 1.100000000000000000e+01 1.370000000000000000e+02 -2.400000000000000000e+01 -2.700000000000000000e+01 -1.900000000000000000e+01 0.000000000000000000e+00 0.000000000000000000e+00 1.000000000000000000e+00 0.000000000000000000e+00
-2.000000000000000000e+01 -3.100000000000000000e+01 -1.600000000000000000e+01 2.160000000000000000e+02 2.500000000000000000e+01 7.000000000000000000e+00 0.000000000000000000e+00 1.640000000000000000e+02 -4.000000000000000000e+00 -4.000000000000000000e+00 1.640000000000000000e+02 0.000000000000000000e+00 7.000000000000000000e+00 2.500000000000000000e+01 2.160000000000000000e+02 -1.600000000000000000e+01 -3.100000000000000000e+01 -2.000000000000000000e+01 0.000000000000000000e+00 0.000000000000000000e+00 1.000000000000000000e+00 0.000000000000000000e+00
-2.600000000000000000e+01 -2.600000000000000000e+01 1.500000000000000000e+01 3.310000000000000000e+02 1.600000000000000000e+01 2.100000000000000000e+01 3.400000000000000000e+01 2.490000000000000000e+02 -4.000000000000000000e+00 -4.000000000000000000e+00 2.490000000000000000e+02 3.400000000000000000e+01 2.100000000000000000e+01 1.600000000000000000e+01 3.310000000000000000e+02 1.500000000000000000e+01 -2.600000000000000000e+01 -2.600000000000000000e+01 0.000000000000000000e+00 0.000000000000000000e+00 1.000000000000000000e+00 0.000000000000000000e+00
-2.400000000000000000e+01 -2.600000000000000000e+01 8.800000000000000000e+01 4.570000000000000000e+02 2.600000000000000000e+01 6.700000000000000000e+01 9.300000000000000000e+01 3.540000000000000000e+02 -3.000000000000000000e+00 -3.000000000000000000e+00 3.540000000000000000e+02 9.300000000000000000e+01 6.700000000000000000e+01 2.600000000000000000e+01 4.570000000000000000e+02 8.800000000000000000e+01 -2.600000000000000000e+01 -2.400000000000000000e+01 0.000000000000000000e+00 0.000000000000000000e+00 1.000000000000000000e+00 0.000000000000000000e+00
-2.500000000000000000e+01 -1.800000000000000000e+01 1.810000000000000000e+02 6.110000000000000000e+02 2.600000000000000000e+01 1.590000000000000000e+02 1.280000000000000000e+02 4.900000000000000000e+02 -4.000000000000000000e+00 -4.000000000000000000e+00 4.900000000000000000e+02 1.280000000000000000e+02 1.590000000000000000e+02 2.600000000000000000e+01 6.110000000000000000e+02 1.810000000000000000e+02 -1.800000000000000000e+01 -2.500000000000000000e+01 0.000000000000000000e+00 0.000000000000000000e+00 1.000000000000000000e+00 0.000000000000000000e+00
-2.400000000000000000e+01 -1.900000000000000000e+01 3.060000000000000000e+02 8.030000000000000000e+02 2.900000000000000000e+01 2.610000000000000000e+02 1.940000000000000000e+02 6.350000000000000000e+02 -4.000000000000000000e+00 -4.000000000000000000e+00 6.350000000000000000e+02 1.940000000000000000e+02 2.610000000000000000e+02 2.900000000000000000e+01 8.030000000000000000e+02 3.060000000000000000e+02 -1.900000000000000000e+01 -2.400000000000000000e+01 0.000000000000000000e+00 0.000000000000000000e+00 1.000000000000000000e+00 0.000000000000000000e+00
-2.500000000000000000e+01 -3.000000000000000000e+00 4.360000000000000000e+02 1.045000000000000000e+03 3.200000000000000000e+01 3.780000000000000000e+02 2.700000000000000000e+02 8.160000000000000000e+02 -4.000000000000000000e+00 -4.000000000000000000e+00 8.160000000000000000e+02 2.700000000000000000e+02 3.780000000000000000e+02 3.200000000000000000e+01 1.045000000000000000e+03 4.360000000000000000e+02 -3.000000000000000000e+00 -2.500000000000000000e+01 0.000000000000000000e+00 0.000000000000000000e+00 1.000000000000000000e+00 0.000000000000000000e+00
-4.300000000000000000e+01 7.400000000000000000e+01 5.890000000000000000e+02 1.319000000000000000e+03 3.700000000000000000e+01 5.240000000000000000e+02 3.230000000000000000e+02 1.049000000000000000e+03 -4.000000000000000000e+00 -4.000000000000000000e+00 1.049000000000000000e+03 3.230000000000000000e+02 5.240000000000000000e+02 3.700000000000000000e+01 1.319000000000000000e+03 5.890000000000000000e+02 7.400000000000000000e+01 -4.300000000000000000e+01 0.000000000000000000e+00 0.000000000000000000e+00 1.000000000000000000e+00 0.000000000000000000e+00
-2.900000000000000000e+01 1.700000000000000000e+02 7.670000000000000000e+02 1.619000000000000000e+03 4.800000000000000000e+01 6.900000000000000000e+02 4.270000000000000000e+02 1.270000000000000000e+03 -4.000000000000000000e+00 -4.000000000000000000e+00 1.270000000000000000e+03 4.270000000000000000e+02 6.900000000000000000e+02 4.800000000000000000e+01 1.619000000000000000e+03 7.670000000000000000e+02 1.700000000000000000e+02 -2.900000000000000000e+01 0.000000000000000000e+00 0.000000000000000000e+00 1.000000000000000000e+00 0.000000000000000000e+00
-3.100000000000000000e+01 2.780000000000000000e+02 9.650000000000000000e+02 1.943000000000000000e+03 1.800000000000000000e+01 8.360000000000000000e+02 4.810000000000000000e+02 1.543000000000000000e+03 -3.000000000000000000e+00 -3.000000000000000000e+00 1.543000000000000000e+03 4.810000000000000000e+02 8.360000000000000000e+02 1.800000000000000000e+01 1.943000000000000000e+03 9.650000000000000000e+02 2.780000000000000000e+02 -3.100000000000000000e+01 0.000000000000000000e+00 0.000000000000000000e+00 1.000000000000000000e+00 0.000000000000000000e+00
-2.800000000000000000e+01 4.090000000000000000e+02 1.186000000000000000e+03 2.360000000000000000e+03 1.700000000000000000e+01 1.035000000000000000e+03 5.020000000000000000e+02 1.852000000000000000e+03 4.700000000000000000e+01 4.700000000000000000e+01 1.852000000000000000e+03 5.020000000000000000e+02 1.035000000000000000e+03 1.700000000000000000e+01 2.360000000000000000e+03 1.186000000000000000e+03 4.090000000000000000e+02 -2.800000000000000000e+01 0.000000000000000000e+00 0.000000000000000000e+00 1.000000000000000000e+00 0.000000000000000000e+00
-2.600000000000000000e+01 5.040000000000000000e+02 1.447000000000000000e+03 2.753000000000000000e+03 2.100000000000000000e+01 1.265000000000000000e+03 6.200000000000000000e+02 2.140000000000000000e+03 6.000000000000000000e+01 6.000000000000000000e+01 2.140000000000000000e+03 6.200000000000000000e+02 1.265000000000000000e+03 2.100000000000000000e+01 2.753000000000000000e+03 1.447000000000000000e+03 5.040000000000000000e+02 -2.600000000000000000e+01 0.000000000000000000e+00 0.000000000000000000e+00 1.000000000000000000e+00 0.000000000000000000e+00
-2.400000000000000000e+01 6.010000000000000000e+02 1.679000000000000000e+03 3.173000000000000000e+03 3.300000000000000000e+01 1.473000000000000000e+03 7.590000000000000000e+02 2.450000000000000000e+03 7.600000000000000000e+01 7.600000000000000000e+01 2.450000000000000000e+03 7.590000000000000000e+02 1.473000000000000000e+03 3.300000000000000000e+01 3.173000000000000000e+03 1.679000000000000000e+03 6.010000000000000000e+02 -2.400000000000000000e+01 0.000000000000000000e+00 0.000000000000000000e+00 1.000000000000000000e+00 0.000000000000000000e+00
-3.200000000000000000e+01 6.730000000000000000e+02 1.946000000000000000e+03 3.572000000000000000e+03 2.130000000000000000e+02 1.667000000000000000e+03 9.250000000000000000e+02 2.752000000000000000e+03 4.500000000000000000e+01 4.500000000000000000e+01 2.752000000000000000e+03 9.250000000000000000e+02 1.667000000000000000e+03 2.130000000000000000e+02 3.572000000000000000e+03 1.946000000000000000e+03 6.730000000000000000e+02 -3.200000000000000000e+01 0.000000000000000000e+00 0.000000000000000000e+00 1.000000000000000000e+00 0.000000000000000000e+00
-1.700000000000000000e+01 6.840000000000000000e+02 2.098000000000000000e+03 3.895000000000000000e+03 4.570000000000000000e+02 1.792000000000000000e+03 1.175000000000000000e+03 2.945000000000000000e+03 3.000000000000000000e+00 3.000000000000000000e+00 2.945000000000000000e+03 1.175000000000000000e+03 1.792000000000000000e+03 4.570000000000000000e+02 3.895000000000000000e+03 2.098000000000000000e+03 6.840000000000000000e+02 -1.700000000000000000e+01 0.000000000000000000e+00 0.000000000000000000e+00 1.000000000000000000e+00 0.000000000000000000e+00
-3.600000000000000000e+01 6.900000000000000000e+02 2.119000000000000000e+03 3.969000000000000000e+03 4.740000000000000000e+02 1.807000000000000000e+03 1.231000000000000000e+03 2.984000000000000000e+03 0.000000000000000000e+00 0.000000000000000000e+00 2.984000000000000000e+03 1.231000000000000000e+03 1.807000000000000000e+03 4.740000000000000000e+02 3.969000000000000000e+03 2.119000000000000000e+03 6.900000000000000000e+02 -3.600000000000000000e+01 0.000000000000000000e+00 0.000000000000000000e+00 1.000000000000000000e+00 0.000000000000000000e+00
-2.100000000000000000e+01 6.710000000000000000e+02 2.105000000000000000e+03 3.965000000000000000e+03 4.680000000000000000e+02 1.752000000000000000e+03 1.227000000000000000e+03 2.972000000000000000e+03 4.000000000000000000e+00 4.000000000000000000e+00 2.972000000000000000e+03 1.227000000000000000e+03 1.752000000000000000e+03 4.680000000000000000e+02 3.965000000000000000e+03 2.105000000000000000e+03 6.710000000000000000e+02 -2.100000000000000000e+01 0.000000000000000000e+00 0.000000000000000000e+00 1.000000000000000000e+00 0.000000000000000000e+00
-2.900000000000000000e+01 7.180000000000000000e+02 2.029000000000000000e+03 3.929000000000000000e+03 4.470000000000000000e+02 1.673000000000000000e+03 1.204000000000000000e+03 2.894000000000000000e+03 4.400000000000000000e+01 4.400000000000000000e+01 2.894000000000000000e+03 1.204000000000000000e+03 1.673000000000000000e+03 4.470000000000000000e+02 3.929000000000000000e+03 2.029000000000000000e+03 7.180000000000000000e+02 -2.900000000000000000e+01 0.000000000000000000e+00 0.000000000000000000e+00 1.000000000000000000e+00 0.000000000000000000e+00
-2.400000000000000000e+01 7.270000000000000000e+02 1.958000000000000000e+03 3.822000000000000000e+03 4.270000000000000000e+02 1.612000000000000000e+03 1.172000000000000000e+03 2.782000000000000000e+03 7.000000000000000000e+01 7.000000000000000000e+01 2.782000000000000000e+03 1.172000000000000000e+03 1.612000000000000000e+03 4.270000000000000000e+02 3.822000000000000000e+03 1.958000000000000000e+03 7.270000000000000000e+02 -2.400000000000000000e+01 0.000000000000000000e+00 0.000000000000000000e+00 1.000000000000000000e+00 0.000000000000000000e+00
-3.600000000000000000e+01 7.370000000000000000e+02 1.922000000000000000e+03 3.732000000000000000e+03 4.230000000000000000e+02 1.580000000000000000e+03 1.150000000000000000e+03 2.711000000000000000e+03 7.000000000000000000e+01 7.000000000000000000e+01 2.711000000000000000e+03 1.150000000000000000e+03 1.580000000000000000e+03 4.230000000000000000e+02 3.732000000000000000e+03 1.922000000000000000e+03 7.370000000000000000e+02 -3.600000000000000000e+01 0.000000000000000000e+00 0.000000000000000000e+00 1.000000000000000000e+00 0.000000000000000000e+00
-2.700000000000000000e+01 7.180000000000000000e+02 1.886000000000000000e+03 3.692000000000000000e+03 4.160000000000000000e+02 1.564000000000000000e+03 1.140000000000000000e+03 2.680000000000000000e+03 7.800000000000000000e+01 7.800000000000000000e+01 2.680000000000000000e+03 1.140000000000000000e+03 1.564000000000000000e+03 4.160000000000000000e+02 3.692000000000000000e+03 1.886000000000000000e+03 7.180000000000000000e+02 -2.700000000000000000e+01 0.000000000000000000e+00 0.000000000000000000e+00 1.000000000000000000e+00 0.000000000000000000e+00
-3.200000000000000000e+01 7.360000000000000000e+02 1.828000000000000000e+03 3.638000000000000000e+03 3.940000000000000000e+02 1.536000000000000000e+03 1.119000000000000000e+03 2.625000000000000000e+03 9.200000000000000000e+01 9.200000000000000000e+01 2.625000000000000000e+03 1.119000000000000000e+03 1.536000000000000000e+03 3.940000000000000000e+02 3.638000000000000000e+03 1.828000000000000000e+03 7.360000000000000000e+02 -3.200000000000000000e+01 0.000000000000000000e+00 0.000000000000000000e+00 1.000000000000000000e+00 0.000000000000000000e+00
-3.500000000000000000e+01 7.350000000000000000e+02 1.677000000000000000e+03 3.492000000000000000e+03 2.930000000000000000e+02 1.419000000000000000e+03 1.048000000000000000e+03 2.476000000000000000e+03 1.430000000000000000e+02 1.430000000000000000e+02 2.476000000000000000e+03 1.048000000000000000e+03 1.419000000000000000e+03 2.930000000000000000e+02 3.492000000000000000e+03 1.677000000000000000e+03 7.350000000000000000e+02 -3.500000000000000000e+01 0.000000000000000000e+00 0.000000000000000000e+00 1.000000000000000000e+00 0.000000000000000000e+00
-1.200000000000000000e+01 7.910000000000000000e+02 1.358000000000000000e+03 3.219000000000000000e+03 3.100000000000000000e+01 1.133000000000000000e+03 8.100000000000000000e+02 2.197000000000000000e+03 3.040000000000000000e+02 3.040000000000000000e+02 2.197000000000000000e+03 8.100000000000000000e+02 1.133000000000000000e+03 3.100000000000000000e+01 3.219000000000000000e+03 1.358000000000000000e+03 7.910000000000000000e+02 -1.200000000000000000e+01 0.000000000000000000e+00 0.000000000000000000e+00 1.000000000000000000e+00 0.000000000000000000e+00
